281 562
119 257
255 271
277 130
233 236
231 67
89 126
91 249
60 202
226 76
226 67
102 31
72 119
186 91
127 42
88 200
56 206
175 152
37 12
281 270
247 230
55 178
198 268
268 257
188 212
51 255
278 152
128 192
112 32
124 238
74 211
156 252
258 172
122 14
184 121
125 149
193 179
45 109
7 32
84 37
243 257
10 82
250 260
115 81
11 238
37 207
9 35
177 108
206 140
121 108
102 245
99 13
265 266
244 272
16 169
27 101
144 159
24 113
138 138
35 271
217 194
196 67
228 214
174 276
72 14
225 173
100 42
28 84
27 271
197 165
159 223
107 144
223 130
98 79
109 132
68 167
45 105
233 114
37 126
108 108
262 52
123 80
216 150
5 84
139 201
91 139
265 197
125 207
169 222
127 119
196 195
5 240
18 237
72 178
204 180
4 184
73 126
106 130
117 233
214 98
153 23
78 259
61 202
184 229
266 30
67 180
66 71
138 206
149 51
102 195
72 106
220 144
73 44
274 32
119 48
129 113
70 206
90 130
127 274
201 234
145 109
132 210
21 269
134 169
38 236
205 233
183 144
95 97
29 210
128 147
257 98
259 45
23 68
17 272
183 59
224 169
167 74
97 187
184 72
197 63
149 121
14 173
264 232
270 11
160 239
281 259
56 258
145 201
167 161
191 191
61 256
78 227
171 16
255 196
88 171
258 236
133 114
251 238
64 239
248 65
38 89
42 216
189 187
135 74
189 167
107 250
264 184
195 153
200 11
67 6
181 167
83 155
280 52
111 185
132 200
249 12
8 133
227 196
38 204
111 226
212 217
36 195
120 231
189 161
83 256
8 263
141 213
259 262
265 88
165 238
6 255
91 136
106 160
173 266
82 3
53 135
61 88
171 22
160 79
182 242
176 189
65 158
121 42
138 227
252 144
25 100
240 116
235 188
275 127
172 198
252 66
51 31
277 222
53 155
142 234
239 36
265 22
193 227
187 172
14 157
157 38
256 238
153 52
144 269
20 158
185 271
223 78
20 218
141 72
215 1
148 172
159 131
35 193
199 63
83 212
62 81
91 159
37 244
210 181
73 71
180 258
60 244
177 203
23 36
274 237
159 263
250 36
235 126
228 152
31 152
205 92
232 15
250 268
100 21
9 172
91 30
271 274
274 166
195 15
43 29
93 201
11 184
236 245
28 182
239 181
52 162
272 125
18 83
235 117
226 85
8 35
115 120
27 107
5 221
244 47
250 55
248 102
238 44
188 107
68 145
130 119
149 120
86 166
44 39
2 269
123 132
23 237
251 172
185 97
235 147
267 45
43 75
146 122
118 52
71 185
39 200
146 29
161 231
194 205
111 37
192 233
10 56
31 103
70 215
199 23
204 26
190 246
100 177
87 60
70 280
86 108
198 73
136 77
145 172
281 255
50 34
49 60
89 79
162 158
135 202
22 57
70 211
145 169
106 73
70 176
71 279
125 268
70 261
186 215
274 186
30 42
61 78
224 149
156 227
149 133
148 170
189 217
100 175
227 47
247 139
222 159
136 66
268 47
168 173
103 2
200 133
166 260
210 109
127 85
54 275
59 43
6 247
259 228
264 47
274 229
185 57
230 162
245 216
50 131
107 153
255 25
4 139
126 213
247 95
139 20
211 197
62 216
5 163
162 268
51 155
57 77
53 128
238 16
63 129
146 169
281 242
36 126
99 161
58 65
255 38
207 185
77 110
242 204
272 123
32 164
119 211
240 171
58 196
186 120
167 173
130 166
133 165
11 73
168 191
260 264
70 185
9 146
137 251
68 250
215 222
133 175
152 91
187 209
129 214
47 14
105 18
179 79
25 31
274 192
221 253
16 10
156 148
278 134
240 188
103 173
128 235
189 279
44 94
206 172
26 94
185 253
112 206
173 136
236 165
169 176
136 26
27 134
173 23
267 131
52 88
145 180
41 52
19 208
268 67
98 135
160 2
106 113
207 120
90 161
4 258
178 262
3 46
237 17
192 65
148 243
275 134
141 158
28 2
84 14
68 181
149 227
24 96
182 72
216 271
75 61
248 252
164 92
140 120
108 50
26 97
11 19
231 275
176 258
276 259
271 62
159 261
130 24
199 30
96 133
20 170
35 109
263 198
200 121
159 149
170 184
246 23
203 37
16 97
13 133
198 125
194 198
228 42
221 145
195 158
277 214
46 153
164 28
69 205
271 70
72 160
253 159
182 16
195 39
236 49
171 152
174 206
191 243
247 130
106 2
130 224
57 175
95 220
44 5
143 34
197 57
35 169
215 216
26 252
96 261
19 266
254 34
190 5
276 278
258 223
122 106
165 178
280 101
117 43
106 259
199 21
34 233
31 91
9 180
61 104
1 202
211 255
236 242
259 72
80 77
14 201
182 178
98 181
121 56
65 226
156 105
88 190
56 242
122 64
140 24
9 140
225 61
236 179
21 56
93 223
132 106
143 33
125 82
55 245
137 242
31 11
65 242
42 120
202 5
25 183
28 156
41 253
216 119
273 78
174 84
19 24
31 3
179 279
207 75
