30 120
27 21
5 18
9 27
6 22
19 22
17 1
29 16
14 5
18 19
28 20
12 26
4 20
9 30
16 14
24 15
18 8
11 18
4 6
2 20
22 25
17 23
30 9
20 13
20 25
6 8
17 11
12 1
22 25
22 23
16 24
10 11
3 24
27 16
17 26
23 14
28 5
28 10
10 26
28 16
30 18
30 5
18 30
12 27
16 29
15 11
9 23
5 2
8 7
12 14
25 13
15 22
9 11
29 13
24 22
27 23
27 11
12 19
23 2
3 23
27 13
3 11
4 22
28 26
28 20
13 11
20 17
4 14
6 24
13 17
30 16
30 28
5 11
19 1
15 6
2 7
7 15
15 14
11 26
22 6
14 7
9 26
20 18
26 29
20 18
5 11
23 17
30 8
24 8
12 13
9 1
9 19
4 11
5 10
22 12
29 26
15 27
23 19
18 3
18 4
25 6
22 24
27 26
12 24
1 24
15 29
7 30
26 1
14 18
20 26
13 10
10 12
20 8
14 15
9 25
14 3
28 8
23 29
1 3
18 14
1 10
