482 2059
296 431
480 374
268 378
129 397
254 311
390 177
190 97
8 274
53 350
120 292
81 323
1 148
168 351
291 353
270 475
80 217
106 401
250 83
272 86
404 81
470 157
90 245
222 451
231 326
340 213
451 455
109 213
60 130
212 176
42 75
240 352
152 479
422 149
165 298
94 116
196 288
24 148
349 375
469 10
373 259
474 127
282 449
47 62
263 468
446 343
201 45
186 220
466 465
205 435
49 6
393 75
410 304
34 15
248 91
395 343
456 52
403 413
410 296
151 314
271 218
470 355
236 219
389 234
387 107
96 131
276 356
270 379
250 320
306 174
15 324
132 465
131 161
146 218
172 193
359 407
119 53
441 236
330 258
11 259
338 160
86 200
258 85
142 225
288 54
193 324
463 337
16 43
175 421
444 349
289 247
95 252
389 472
376 311
404 171
202 294
71 382
71 472
420 332
344 301
472 79
322 279
479 42
106 149
189 56
153 321
346 428
97 395
390 218
98 83
223 151
439 341
53 350
117 253
312 469
240 65
411 430
65 174
89 69
386 395
458 372
332 368
6 128
249 143
470 368
194 240
288 2
361 187
423 195
230 53
265 11
12 195
214 343
166 281
420 199
169 147
363 459
8 318
155 249
174 10
80 469
252 8
375 222
447 309
271 59
482 164
464 405
178 342
472 15
159 148
267 444
98 462
163 114
204 480
59 297
346 167
244 341
258 425
39 316
188 412
183 477
356 141
481 95
467 31
10 29
475 307
428 153
39 228
422 349
80 37
406 201
212 403
33 56
257 457
229 173
250 48
271 217
239 326
150 99
37 161
8 339
243 375
289 80
397 3
242 222
118 160
17 479
410 366
228 342
52 209
388 141
461 407
177 301
63 79
281 421
97 144
215 411
165 369
372 67
233 238
271 246
197 363
138 158
419 202
432 88
291 128
359 88
239 29
280 238
325 401
58 481
247 339
480 149
445 410
96 127
177 353
353 242
222 478
253 51
407 291
252 344
460 263
231 121
42 320
472 410
235 114
342 38
187 320
443 354
78 220
129 336
21 182
354 303
127 413
168 391
367 145
161 260
208 269
331 432
176 411
255 435
334 398
360 117
404 95
92 235
316 25
310 309
177 91
374 446
25 111
113 391
53 227
421 212
256 408
285 24
230 389
39 266
324 367
4 253
402 26
198 266
261 354
199 475
67 195
481 112
467 409
289 30
438 256
124 43
277 478
479 19
71 346
364 268
462 299
311 220
134 177
155 333
55 67
325 216
256 141
121 452
74 212
133 246
249 89
127 105
77 60
110 212
417 255
471 145
215 413
23 106
407 68
353 68
88 397
20 356
378 45
80 358
126 114
445 28
157 318
432 44
277 432
267 448
59 133
391 365
310 275
198 83
463 11
377 480
106 172
448 145
361 265
280 180
482 290
369 47
250 208
294 113
36 273
224 385
56 266
78 437
103 427
245 201
20 420
206 233
395 324
114 397
181 71
50 233
408 275
43 385
77 105
178 392
329 253
317 270
334 240
311 359
310 294
214 13
448 307
210 420
216 325
150 10
436 35
233 148
308 432
410 262
191 435
418 390
65 90
57 441
178 169
81 299
47 3
226 405
205 252
176 201
185 310
285 130
323 133
22 100
71 2
18 149
454 102
162 460
391 379
89 241
381 176
388 159
329 406
205 25
145 24
25 46
290 53
239 186
29 322
113 356
305 98
69 40
198 76
419 404
471 216
398 413
441 458
201 10
363 306
481 160
367 93
424 322
286 97
338 366
52 60
158 201
325 358
268 276
416 464
429 7
101 14
385 389
258 264
435 170
404 270
152 160
165 398
242 187
443 355
384 137
359 305
218 11
343 472
164 390
35 403
239 40
260 320
311 216
377 470
119 276
478 134
157 93
227 421
453 106
389 267
87 20
151 16
436 439
356 423
164 125
263 198
137 24
449 401
352 36
408 244
106 27
349 186
96 52
327 89
180 434
479 374
190 259
83 211
259 312
345 287
61 269
186 473
50 102
239 206
266 454
161 223
219 55
207 388
38 145
84 436
313 404
305 269
435 361
96 279
227 119
84 355
70 88
346 462
69 207
294 145
133 340
331 383
351 75
190 382
124 117
228 298
317 435
393 27
53 444
164 224
414 267
225 232
40 474
396 330
13 340
10 393
161 187
368 77
259 235
18 21
110 300
170 202
457 1
409 298
293 396
171 415
321 69
79 378
446 183
459 3
361 437
302 415
429 408
218 476
394 88
130 427
228 237
203 355
133 189
354 477
223 353
473 275
61 138
335 76
253 138
136 44
469 436
319 437
83 469
441 402
200 285
35 386
351 39
446 209
255 391
363 80
343 213
286 43
306 406
131 420
58 428
246 182
1 129
29 399
331 280
251 184
36 161
204 436
437 89
28 367
348 170
410 321
220 419
404 477
363 7
311 432
310 58
100 329
197 203
158 456
149 171
86 426
482 430
61 320
20 268
371 318
230 57
16 62
243 213
307 455
251 434
440 464
261 235
174 255
308 27
73 202
15 248
429 215
26 354
89 91
42 309
430 17
35 43
333 292
122 454
332 144
190 186
429 235
424 442
271 107
315 94
430 469
190 144
265 339
50 199
8 201
111 482
321 139
298 192
123 190
83 419
240 97
422 230
300 451
275 330
275 413
280 300
362 92
290 473
320 193
218 179
290 351
452 402
70 132
235 362
308 154
286 336
59 400
177 93
184 16
134 104
413 417
282 297
104 240
372 452
28 299
461 159
25 90
183 44
479 382
406 391
352 194
38 171
365 74
294 482
382 327
136 252
322 174
351 313
424 288
448 342
262 67
36 64
176 126
105 275
168 286
157 363
289 279
391 38
101 39
192 42
59 209
306 434
371 35
450 138
80 4
32 31
371 137
149 243
108 372
130 225
75 18
17 119
420 379
330 349
112 20
32 368
64 24
196 297
58 14
455 420
143 72
117 399
136 127
243 407
278 219
130 140
182 307
50 150
238 47
471 90
305 89
439 218
239 179
41 259
438 185
264 17
13 192
130 45
218 232
441 100
258 462
41 136
187 442
396 150
260 381
108 255
138 309
336 125
160 467
403 389
132 246
63 348
310 264
402 159
324 367
68 306
78 427
175 374
18 288
402 141
118 434
456 466
93 282
65 76
258 43
39 351
473 33
317 72
428 97
229 26
380 176
3 272
15 35
152 67
107 419
19 447
218 27
301 51
342 9
146 390
6 279
199 450
255 23
479 420
257 252
302 439
386 346
11 418
89 206
47 188
358 209
209 451
320 209
346 394
30 63
81 307
324 466
27 390
292 3
79 40
182 393
336 367
458 181
160 434
441 9
1 207
131 149
474 426
364 258
111 167
466 47
85 302
99 321
53 116
341 381
58 195
38 2
149 31
475 95
9 82
204 293
158 186
62 356
276 436
184 318
91 291
204 146
269 452
257 328
324 469
158 468
463 28
38 71
87 196
361 311
136 434
124 331
81 333
253 227
228 467
216 39
6 249
324 5
5 410
312 400
134 424
473 215
467 268
318 338
176 263
311 159
378 414
209 26
128 97
380 215
162 107
54 212
128 78
99 407
267 64
434 226
231 348
433 264
290 333
81 288
391 245
206 414
380 282
327 477
54 150
54 169
462 130
269 65
240 356
124 47
398 171
456 381
380 274
25 46
168 278
34 238
438 340
70 359
97 287
440 452
233 52
472 276
308 235
361 222
132 198
198 354
129 252
378 57
6 103
373 398
283 311
271 158
391 152
330 100
348 45
191 293
451 126
357 251
219 239
1 136
225 363
3 269
180 27
341 108
116 178
41 216
249 132
433 299
363 475
465 38
453 351
252 69
33 341
367 350
393 339
6 214
218 327
169 24
475 3
137 126
95 467
310 353
65 385
138 396
196 13
228 43
37 241
457 384
86 177
333 153
125 67
158 111
32 216
476 44
159 8
286 267
416 193
376 397
329 53
396 224
7 84
267 326
299 343
454 432
157 147
38 223
208 391
351 115
14 24
333 210
462 449
428 372
197 364
140 153
217 246
300 70
156 275
17 445
276 281
110 232
143 377
41 406
230 185
302 270
231 47
22 443
304 99
352 404
64 434
75 71
43 71
387 465
170 358
171 268
90 28
336 315
177 87
365 254
40 311
26 470
268 261
357 229
340 353
6 282
156 122
295 92
424 168
315 120
179 143
302 339
267 131
205 83
215 348
286 24
331 390
386 279
18 43
348 76
255 347
438 42
279 117
336 176
424 281
452 459
200 176
55 220
350 402
191 309
304 436
4 136
390 416
178 439
432 154
37 435
246 139
264 263
363 127
440 5
388 376
122 232
353 281
340 357
134 43
433 56
228 17
239 176
8 237
245 354
190 294
4 257
29 248
169 387
100 469
255 209
362 235
70 376
352 439
221 285
438 118
260 258
296 474
121 14
165 197
291 471
356 71
79 227
288 171
215 89
329 476
294 8
153 52
347 268
457 235
468 446
444 447
482 375
332 100
389 132
244 223
474 192
68 314
439 473
243 423
183 207
466 406
316 26
422 401
377 384
130 11
171 473
321 350
17 110
231 326
253 58
358 2
359 128
241 232
352 448
218 285
215 66
152 61
382 412
45 284
52 268
153 227
462 62
8 478
202 88
183 230
254 125
370 255
363 40
230 84
71 286
397 286
290 286
13 479
361 243
116 301
376 473
183 285
405 375
388 261
104 77
366 57
374 343
292 287
142 78
18 73
125 267
402 46
119 175
128 323
408 371
419 313
9 2
116 51
157 329
322 460
165 372
180 80
273 297
188 220
77 358
476 455
410 78
48 80
397 359
81 426
433 407
376 163
135 139
423 396
193 243
417 479
110 89
143 398
10 344
46 128
31 397
165 179
279 233
475 119
393 67
121 399
156 5
326 109
204 375
437 427
370 233
428 20
35 376
299 16
97 96
233 349
383 409
240 175
208 341
74 205
244 35
289 141
387 264
67 382
186 100
287 418
468 122
78 59
402 68
346 433
95 299
298 58
96 170
268 164
444 174
357 416
365 462
326 390
324 416
296 132
79 65
173 357
140 47
205 128
466 232
2 416
91 408
385 134
203 405
428 463
180 464
265 449
195 432
249 195
182 260
20 421
346 33
453 174
144 391
231 399
326 187
23 478
414 297
460 51
284 350
200 461
383 231
312 198
14 63
369 310
76 278
191 457
31 438
161 54
202 86
165 363
65 29
320 455
378 193
150 127
207 182
402 131
185 321
305 130
363 347
88 41
427 120
406 137
463 74
404 280
427 174
192 193
205 355
171 322
403 197
263 20
144 400
250 320
388 265
97 244
325 433
157 482
153 127
464 418
465 340
470 200
185 481
47 137
417 280
428 35
225 473
151 237
61 362
297 135
402 438
405 226
330 199
273 350
436 296
352 265
16 113
80 462
202 34
334 13
421 73
323 192
305 346
193 17
216 234
162 72
25 204
54 55
43 35
72 9
249 452
161 19
389 111
182 68
75 130
233 143
15 75
282 434
284 200
201 250
176 13
278 107
141 473
91 46
371 74
291 54
113 267
412 94
122 259
380 168
257 128
404 409
151 298
128 33
202 400
345 94
95 186
382 361
286 67
266 38
70 105
338 326
100 336
362 373
394 477
335 100
387 442
298 372
441 233
56 35
482 17
415 467
204 29
284 345
96 182
378 68
355 217
103 94
462 106
271 391
195 81
144 445
414 155
306 264
164 71
85 72
391 454
355 70
250 23
415 345
324 8
114 413
115 249
446 195
196 28
419 308
160 169
459 363
229 343
115 235
291 193
227 15
303 15
219 139
21 370
377 3
427 204
414 48
482 88
219 139
277 156
193 57
262 300
357 353
73 165
448 101
195 277
278 217
119 62
476 217
187 428
401 458
49 468
351 276
473 327
92 291
406 106
426 451
409 98
200 385
389 278
128 360
99 134
196 62
159 301
156 19
410 330
117 126
414 205
364 189
291 124
43 309
27 42
479 259
151 322
390 256
66 67
31 408
146 178
220 312
341 31
323 206
452 57
304 47
206 241
82 60
411 250
46 394
109 187
61 352
318 213
36 111
263 371
86 330
100 115
319 15
365 285
235 277
452 212
160 245
260 439
205 170
414 352
255 305
162 378
178 433
330 430
286 317
231 149
407 200
133 297
179 43
308 282
53 473
114 142
363 472
367 390
226 383
271 165
201 305
231 215
273 471
87 182
353 87
195 62
119 364
218 334
358 189
359 295
262 63
234 335
293 463
240 203
446 49
203 185
425 341
385 50
440 187
374 154
426 117
147 472
105 413
440 52
34 295
312 153
42 410
223 160
367 373
329 56
242 106
85 154
220 367
295 232
339 324
453 31
367 13
102 223
19 421
466 288
240 235
187 280
276 280
44 296
425 262
22 176
62 4
73 464
376 379
481 265
147 454
394 359
333 75
437 425
177 395
48 187
5 442
365 20
482 143
240 351
115 422
414 169
89 294
27 291
119 50
61 123
155 200
121 452
377 66
348 379
182 217
206 29
149 473
385 15
237 61
9 200
81 432
396 252
173 167
472 386
97 47
80 219
204 217
201 352
198 288
12 448
362 192
89 192
389 217
53 314
247 416
37 368
80 43
178 10
418 254
96 382
144 363
145 211
155 399
277 236
86 7
232 430
414 274
165 385
196 102
380 296
417 205
348 27
203 436
159 407
367 56
347 368
184 228
250 391
279 149
386 330
17 295
237 457
190 441
205 480
8 473
468 353
435 109
278 70
41 276
192 402
312 268
460 84
241 36
374 403
442 466
187 57
268 186
237 368
119 328
134 334
47 27
314 399
30 287
85 358
219 384
418 236
454 277
272 58
90 258
408 318
400 256
432 302
377 423
323 386
416 93
196 217
16 371
203 85
268 257
94 460
393 424
134 361
450 197
460 437
46 445
307 107
53 460
229 175
99 285
26 234
330 46
297 240
299 242
291 354
195 455
291 216
40 197
219 307
38 134
138 354
183 69
360 261
77 251
260 123
33 54
360 397
423 88
434 426
287 455
164 204
305 481
107 113
270 388
479 476
172 98
319 6
185 61
473 238
219 24
305 346
102 428
265 417
267 451
420 358
28 417
21 52
325 399
392 113
305 301
261 120
303 240
70 82
148 290
330 256
373 274
163 371
150 134
160 36
459 461
397 368
338 112
8 390
291 153
41 401
427 194
298 308
417 142
443 425
366 357
111 442
221 239
103 256
188 300
64 274
159 348
105 136
100 186
113 217
457 225
379 216
19 414
181 2
60 61
374 2
349 127
265 466
197 50
237 312
244 323
372 57
36 456
202 16
243 4
457 380
325 171
362 24
424 441
298 180
264 416
473 391
269 300
424 436
69 3
80 180
22 398
383 356
256 161
29 305
55 201
420 434
82 13
144 183
45 137
425 389
251 92
359 166
368 395
406 244
159 281
16 206
229 471
133 79
250 56
391 78
481 171
352 366
139 74
195 365
267 81
216 388
281 467
471 116
214 215
266 329
460 299
339 65
440 174
275 56
429 154
228 54
362 116
227 186
476 418
107 283
478 101
31 195
432 143
352 398
88 330
108 286
28 284
459 360
262 250
408 155
175 442
372 43
321 73
311 426
288 376
71 41
246 464
274 244
438 103
222 66
387 287
308 359
99 260
325 305
109 430
71 12
333 231
244 74
139 427
434 399
278 435
190 438
416 272
9 209
290 152
461 346
388 128
64 132
325 152
6 441
162 361
469 480
64 34
122 456
121 187
373 125
150 135
263 464
48 265
174 146
87 163
192 458
290 365
147 234
280 447
374 137
417 257
41 142
336 5
425 125
104 115
355 392
417 368
220 246
188 14
453 199
168 204
347 87
437 326
203 152
216 361
289 58
63 45
150 350
243 34
103 218
149 109
187 50
43 22
159 466
468 13
133 325
254 337
419 286
418 323
201 145
478 300
377 422
108 158
413 415
198 262
8 256
345 332
127 31
8 317
200 131
47 458
350 414
250 274
150 247
406 262
315 448
228 91
346 456
340 360
175 424
394 202
205 105
152 157
246 479
213 161
109 269
292 256
125 232
324 471
76 313
221 443
356 341
245 478
314 404
159 139
125 198
436 366
393 337
395 120
53 106
459 440
260 5
37 304
41 295
220 363
88 218
225 226
165 435
374 234
15 117
245 276
455 399
425 445
68 288
130 438
309 176
451 284
264 448
75 157
404 434
475 477
62 136
190 474
220 177
1 98
432 227
456 410
378 168
287 116
130 20
208 457
21 472
373 423
363 312
442 81
62 269
75 2
382 14
305 220
277 476
381 73
33 264
10 341
115 5
423 441
437 141
227 268
188 191
353 293
147 95
323 86
231 49
320 337
72 389
96 232
169 14
255 169
354 157
193 180
133 457
42 155
209 246
449 417
147 94
382 396
338 227
212 469
394 325
294 216
192 59
370 55
298 141
447 75
176 380
62 38
75 369
408 108
399 115
195 54
58 403
143 42
75 142
32 479
153 464
172 239
240 51
177 295
28 47
319 409
92 290
90 436
320 443
49 355
478 479
388 153
96 45
239 147
454 94
293 275
128 103
3 5
396 322
211 251
446 221
201 11
245 260
40 217
6 452
91 379
186 80
288 242
304 3
283 447
276 352
101 417
220 288
112 363
415 176
21 328
377 187
348 112
340 275
362 144
321 408
275 460
421 184
202 452
299 80
252 477
326 471
305 349
76 44
156 267
80 229
450 37
255 103
42 205
434 61
134 30
40 138
465 433
154 469
311 336
152 311
295 32
273 282
17 39
316 330
390 120
393 106
61 374
254 323
409 141
473 297
284 312
280 54
287 130
312 453
145 279
242 353
394 385
206 72
69 26
209 339
45 145
121 199
396 49
151 440
142 98
32 66
377 155
428 438
309 9
166 442
87 371
180 299
131 15
299 478
294 53
25 139
286 125
381 164
195 214
171 116
209 77
130 369
325 469
2 66
192 478
168 73
327 185
184 79
29 161
464 298
226 472
348 470
233 168
43 312
35 118
76 413
45 351
468 64
357 458
311 412
357 136
129 90
178 166
308 369
201 168
125 477
238 187
126 165
405 115
171 241
369 295
366 13
318 198
148 185
56 349
8 221
41 319
341 243
297 139
44 314
240 15
62 89
370 251
73 13
1 239
411 287
305 172
51 182
130 452
470 55
309 347
461 247
75 385
223 27
203 283
82 84
329 117
179 177
13 132
311 397
464 312
122 358
181 336
110 124
229 265
369 224
301 407
290 435
435 275
330 268
366 87
421 33
165 198
432 392
416 183
319 82
177 257
355 480
24 45
379 369
