829 3054
195 21
487 132
316 534
112 815
60 26
649 679
565 287
380 28
309 744
177 345
517 540
68 472
322 259
655 35
93 797
363 314
646 491
192 502
756 60
206 31
115 372
736 622
549 420
568 634
658 367
473 535
749 27
434 34
540 124
434 111
267 432
69 691
344 586
684 759
746 154
465 414
671 294
682 701
805 781
724 34
384 401
423 440
92 395
519 93
443 109
132 573
117 510
732 140
14 789
519 39
342 222
442 363
726 720
656 418
808 284
118 588
706 99
249 813
576 776
226 762
377 822
127 756
40 463
527 390
610 157
467 220
65 623
768 321
196 372
765 721
481 478
680 135
7 528
320 86
386 583
696 300
486 744
534 335
379 713
289 308
156 586
684 146
724 292
206 48
10 548
628 631
727 782
807 364
529 253
717 21
413 472
808 131
555 372
425 825
153 622
501 143
21 463
87 637
38 177
749 173
503 656
805 34
433 474
366 555
207 58
263 356
174 42
777 582
673 763
720 51
721 289
146 693
600 674
26 743
269 810
680 485
431 30
109 20
349 145
625 609
182 166
693 280
507 10
641 495
758 154
742 626
94 47
418 232
244 388
729 140
55 240
751 661
270 55
350 98
428 183
72 115
371 771
199 198
336 354
242 614
532 712
228 510
818 305
489 47
86 5
88 68
161 598
535 422
500 87
710 5
342 256
573 704
461 18
710 183
83 454
253 562
291 228
645 182
791 582
516 191
506 87
64 495
521 75
805 299
262 14
513 7
12 325
736 159
101 8
201 149
40 684
182 72
221 308
67 224
515 474
23 22
573 201
697 364
636 507
331 799
593 767
188 123
59 5
406 356
110 16
272 728
450 331
242 787
308 577
220 46
47 315
333 258
557 67
775 497
207 468
580 807
663 358
198 430
247 642
573 508
47 608
688 315
249 703
126 197
597 823
580 561
531 810
720 435
291 688
718 798
742 678
759 748
184 22
69 520
230 469
519 259
665 174
578 492
429 255
13 395
31 617
689 146
145 673
568 752
654 442
518 569
565 721
552 9
290 545
549 640
193 57
426 27
64 410
12 183
134 411
526 697
599 188
703 767
696 533
523 829
4 763
768 278
549 21
595 742
216 234
230 522
793 382
399 243
648 251
484 743
98 776
314 589
670 67
608 473
595 763
594 15
559 582
25 27
295 85
602 73
328 433
813 817
194 543
366 254
646 470
463 725
518 630
58 440
708 737
169 594
54 14
557 337
330 475
312 782
344 461
450 384
623 615
775 328
438 323
8 471
208 615
573 23
562 380
568 293
310 464
55 431
606 409
164 605
207 468
11 527
591 559
669 721
720 70
315 305
264 422
43 815
291 427
641 280
582 697
409 736
424 731
246 280
399 736
458 236
535 247
720 718
2 521
354 134
41 67
380 99
525 436
384 592
297 192
289 504
313 681
255 728
711 286
279 609
300 751
357 338
717 14
766 355
94 533
517 24
404 204
53 618
65 102
733 710
191 445
196 159
616 626
8 245
310 790
164 771
220 286
676 2
31 185
17 512
450 720
152 498
553 303
797 172
289 450
19 344
142 395
388 781
765 656
396 67
321 24
209 162
570 36
766 763
63 141
338 118
774 746
105 809
482 104
201 223
203 492
606 67
615 315
261 322
576 741
414 3
191 55
99 45
701 429
402 418
174 745
642 358
97 671
502 481
21 589
716 134
51 486
55 54
576 704
97 28
642 291
785 138
174 592
626 280
245 555
104 45
31 102
169 760
461 338
703 369
682 364
432 431
77 775
607 28
216 286
335 789
563 649
796 275
634 449
452 351
14 144
762 772
300 523
234 630
285 97
531 41
124 737
168 405
642 621
549 417
825 166
452 61
239 114
827 215
337 491
211 279
473 90
59 731
115 801
165 193
516 147
339 126
362 101
73 350
422 246
544 489
421 480
117 7
707 578
50 549
405 248
629 79
617 270
637 696
507 798
363 185
29 819
526 117
532 414
69 772
364 307
129 442
298 397
743 460
218 800
292 733
463 763
190 649
759 598
276 92
156 649
62 246
415 214
346 584
408 824
776 226
145 566
253 499
12 327
509 11
271 53
574 473
489 695
92 697
765 111
356 30
430 541
698 308
775 190
646 719
82 441
314 278
257 416
648 243
570 788
78 634
814 174
373 707
761 148
584 62
199 823
441 49
132 240
143 578
638 334
726 369
21 264
598 72
503 68
711 613
650 165
631 200
545 436
393 81
462 537
383 305
516 789
696 462
770 627
207 603
349 374
265 655
399 552
186 815
793 107
133 512
254 812
44 551
218 607
155 687
618 503
691 520
521 719
190 94
24 166
110 150
257 626
136 280
23 61
804 504
27 579
538 412
103 246
222 186
668 545
410 465
597 498
529 367
70 356
57 639
723 228
260 428
258 197
685 461
247 42
640 392
79 611
623 353
117 388
733 587
697 170
568 642
298 242
69 489
746 441
566 227
171 527
110 629
813 815
232 294
83 466
586 288
5 290
484 37
719 546
432 690
345 225
771 79
342 455
705 672
57 220
186 767
414 784
583 646
810 348
478 543
283 622
636 319
148 58
114 624
346 264
284 123
336 488
580 698
384 721
34 536
354 701
201 370
435 665
469 639
261 188
585 758
172 226
543 13
47 483
579 821
386 457
738 184
84 213
688 643
183 513
501 263
533 288
795 161
379 248
202 309
587 36
282 342
564 288
734 320
205 420
549 164
699 771
124 694
460 401
611 194
560 494
92 340
381 55
645 255
552 344
353 458
608 69
384 560
116 145
701 339
64 33
417 685
234 299
620 529
464 565
172 271
558 274
9 666
533 636
821 785
680 483
284 391
445 464
273 45
45 682
215 615
451 594
278 487
65 268
162 118
312 789
266 336
732 751
645 652
106 649
200 199
776 217
789 9
1 593
237 257
165 50
317 558
422 782
705 759
636 106
524 656
203 391
705 213
547 84
450 216
253 487
27 790
9 781
126 533
691 550
563 509
734 213
676 157
124 317
181 49
223 246
285 81
496 120
464 259
792 60
230 259
782 71
425 92
672 58
817 447
373 248
136 407
632 418
734 627
425 477
560 101
415 104
255 625
296 205
429 206
307 491
245 737
250 494
71 807
673 425
113 411
374 785
283 107
801 754
516 634
285 321
448 534
329 808
606 50
498 404
16 291
488 643
193 267
733 654
82 490
636 718
272 604
136 219
8 479
118 481
472 581
205 307
801 168
382 524
388 316
402 685
220 348
364 663
342 533
453 614
447 308
238 187
810 392
361 485
608 257
376 410
105 73
616 280
137 485
513 296
466 639
814 337
322 286
679 348
766 633
668 267
207 56
629 583
476 554
479 781
306 304
287 695
144 218
802 321
660 96
424 775
16 779
437 235
181 519
563 413
659 711
256 684
108 252
75 678
475 172
18 383
552 687
246 564
491 646
502 28
529 480
112 788
55 326
555 25
353 299
456 478
576 408
802 535
753 291
429 387
441 53
74 736
145 817
98 610
369 313
733 203
601 88
271 355
673 675
732 775
829 49
205 640
381 716
461 184
776 701
578 523
591 223
720 293
242 431
178 493
432 51
647 379
511 525
773 95
775 394
674 690
29 114
25 619
238 510
722 767
531 554
332 285
52 759
254 826
62 790
234 629
467 506
581 322
149 716
550 682
688 55
151 349
387 87
6 283
222 437
234 602
506 105
533 689
557 455
761 155
754 511
771 350
166 498
252 548
572 496
503 680
561 602
82 697
62 779
204 3
695 716
171 144
731 52
293 379
231 47
569 181
782 26
247 224
806 500
591 170
120 569
290 636
405 612
576 677
138 774
315 659
243 644
589 622
747 684
77 711
228 206
377 115
248 283
508 78
51 6
49 785
829 107
634 442
540 230
229 747
186 93
56 523
474 157
377 477
483 311
658 560
697 544
374 300
27 11
556 552
786 543
302 437
732 369
600 717
331 216
38 536
648 29
379 178
823 164
482 416
693 538
171 359
43 456
285 651
365 83
242 120
534 418
367 184
386 286
179 65
718 303
249 459
184 485
280 793
553 55
367 124
86 7
171 119
56 790
671 166
415 777
649 656
628 18
706 303
177 682
652 549
45 3
803 286
10 130
287 157
39 547
434 18
662 126
718 6
581 108
727 613
29 167
740 347
724 544
31 157
274 773
29 367
46 745
442 647
716 62
113 269
186 743
7 429
24 554
809 703
585 184
256 149
222 84
514 353
482 781
745 263
321 359
304 810
530 814
778 771
84 803
506 283
175 231
344 731
119 439
757 430
757 271
399 502
701 271
37 252
771 123
654 534
281 337
635 131
688 326
66 265
706 452
717 605
613 566
511 513
502 447
470 256
631 256
4 148
80 347
68 333
23 435
301 524
42 554
260 139
158 237
565 291
822 141
654 803
609 764
576 25
454 16
253 323
667 54
49 501
80 474
733 374
252 299
294 760
580 634
502 568
299 18
86 361
194 656
787 629
401 363
592 253
255 170
603 351
191 193
340 505
721 380
5 572
181 447
731 325
38 563
531 740
167 242
699 286
827 430
370 304
828 829
397 242
759 63
452 99
383 641
375 367
392 274
315 279
57 216
33 589
574 626
373 14
58 336
659 165
306 828
433 129
81 535
440 68
314 119
35 684
805 110
558 695
821 176
184 325
16 260
23 618
555 7
507 807
458 60
164 300
48 601
95 135
583 561
683 355
709 205
151 170
473 398
822 234
309 561
7 165
661 608
330 46
350 496
725 208
21 687
275 628
382 317
708 339
475 379
653 514
295 81
406 747
523 742
324 427
102 531
279 790
526 166
370 720
786 262
181 696
247 534
208 535
694 602
324 793
219 164
505 736
822 152
418 577
95 822
22 364
265 766
395 157
764 34
679 503
450 253
95 476
671 244
278 245
574 299
489 418
513 666
564 526
252 1
569 653
100 158
141 695
223 829
185 721
652 512
756 204
404 207
795 680
270 372
640 459
735 507
103 562
275 512
31 509
554 95
18 704
242 698
645 19
70 540
355 580
629 445
11 77
180 33
562 106
323 361
405 677
288 223
482 192
554 779
676 754
232 686
54 598
778 531
784 664
780 224
204 278
496 366
300 735
612 648
555 484
390 101
340 812
468 108
104 327
292 698
402 677
649 531
346 817
714 324
20 507
612 184
67 299
123 678
692 415
693 281
591 573
344 283
5 14
634 369
66 26
28 591
784 414
702 326
74 669
725 531
716 551
177 533
584 251
551 441
520 120
827 411
48 347
808 574
304 809
827 44
637 481
311 301
22 714
774 172
414 353
144 791
778 235
529 335
750 465
721 739
133 772
369 23
270 69
580 534
237 653
769 296
49 522
770 737
588 499
210 813
611 778
304 639
183 83
574 620
375 808
173 467
583 65
87 434
298 447
482 285
16 314
582 631
150 380
59 556
800 409
243 170
225 529
339 514
15 205
404 705
714 311
577 338
137 734
564 632
39 814
331 681
482 466
91 625
585 339
765 488
774 41
788 559
269 619
400 233
821 534
333 67
202 579
769 775
363 751
253 712
798 403
144 305
638 741
173 202
543 314
83 206
60 754
220 325
242 565
800 334
463 12
408 388
182 50
499 58
513 790
28 547
265 58
338 541
489 325
232 797
147 388
535 356
84 325
364 716
469 829
433 413
207 414
381 351
144 820
762 551
51 456
319 86
53 770
692 371
420 700
682 474
273 420
560 418
247 683
396 550
207 654
33 681
208 815
58 660
269 287
138 446
34 111
676 547
550 781
18 219
202 598
690 265
172 188
288 609
344 192
622 314
473 820
757 203
161 520
150 211
412 159
34 190
596 83
763 458
615 781
738 352
94 15
730 679
266 579
400 572
671 123
63 420
641 552
140 547
629 3
724 790
424 330
748 174
673 644
642 181
259 601
114 60
183 114
778 757
500 144
60 810
609 120
181 346
517 408
109 180
136 300
181 550
331 378
3 568
520 72
488 352
707 146
764 785
26 39
85 798
202 381
537 313
428 800
300 600
643 218
718 388
818 587
376 443
646 260
183 250
475 375
810 301
529 437
784 796
597 475
443 371
714 1
501 536
786 211
99 510
169 57
212 276
395 559
675 724
605 272
394 481
602 38
252 613
798 653
631 414
255 597
99 736
580 504
711 589
342 499
674 422
479 209
713 87
120 124
708 793
708 568
385 380
414 548
23 667
758 202
268 724
755 581
391 108
248 81
655 59
772 133
95 357
797 356
246 750
684 151
183 98
564 759
526 317
739 213
533 726
568 775
191 160
690 675
25 102
117 116
637 67
159 186
111 175
665 416
797 747
363 755
233 465
407 352
279 399
757 563
585 373
300 723
419 688
815 344
77 557
738 530
75 232
340 573
448 792
384 740
291 102
59 12
671 664
240 443
807 736
672 35
73 496
703 555
36 461
649 55
455 444
722 165
126 711
409 199
218 116
642 142
769 457
425 445
235 534
65 206
561 81
623 715
289 442
642 418
429 422
320 484
40 343
303 524
579 608
73 37
203 591
33 197
809 4
470 818
244 155
287 777
196 120
398 804
818 696
701 757
445 685
41 626
544 31
536 36
664 818
559 475
816 797
364 643
575 655
466 523
351 125
320 82
585 330
825 471
313 732
644 674
83 415
94 604
202 325
28 660
258 465
434 746
667 161
788 671
771 220
634 154
96 22
103 679
159 451
89 152
361 497
91 639
403 357
297 264
172 335
32 112
678 97
801 593
499 448
415 634
657 750
748 554
520 474
363 550
621 261
407 280
5 603
60 657
691 69
73 186
32 75
126 268
693 231
631 168
576 579
2 460
35 184
710 797
758 260
453 84
44 617
543 580
565 766
594 704
753 616
779 635
174 400
430 557
422 115
346 770
426 162
304 633
638 605
405 626
41 740
75 472
16 706
173 438
550 547
667 558
462 123
800 821
136 657
599 258
345 261
688 543
594 420
798 276
586 728
666 532
457 763
303 466
487 67
710 444
695 428
153 675
686 403
59 311
743 474
403 654
548 524
220 181
520 696
661 36
75 422
230 200
578 391
187 688
348 60
45 36
588 293
345 440
398 811
72 4
107 817
74 820
491 451
36 783
791 696
791 461
221 514
205 371
341 518
614 750
47 56
547 434
641 606
509 111
496 180
513 81
330 254
416 121
822 394
504 173
10 277
79 421
31 533
503 54
704 55
108 779
392 270
696 206
445 231
496 429
350 11
668 393
727 535
720 13
164 314
797 84
160 307
629 26
180 574
777 554
387 203
173 501
591 760
564 268
677 203
173 702
265 414
645 425
678 413
116 637
523 687
277 771
676 415
627 76
167 575
31 46
740 226
197 504
189 388
629 692
206 264
599 578
345 682
67 9
115 821
180 175
96 706
618 800
738 700
314 350
136 540
628 125
316 121
589 334
256 755
263 51
3 123
616 591
493 354
410 491
80 7
89 210
62 824
386 38
215 797
511 788
639 614
362 294
677 159
493 539
647 731
337 502
697 247
543 724
412 486
517 201
747 86
438 52
422 693
55 197
747 431
253 218
216 481
496 653
490 776
395 590
403 170
303 212
313 810
568 343
53 327
477 466
229 54
408 11
49 821
777 667
601 267
814 199
761 270
382 505
187 90
696 781
729 192
12 790
60 816
448 102
7 828
245 236
561 238
643 339
67 611
52 579
267 101
718 79
319 672
224 199
53 594
181 505
500 512
137 739
96 61
353 213
274 368
425 736
42 779
329 65
81 796
811 572
590 194
449 288
147 555
413 318
603 139
376 41
413 440
538 754
537 557
773 216
464 94
451 361
582 75
584 356
812 717
575 523
740 36
142 730
313 9
593 142
457 164
500 451
816 686
614 92
582 213
473 413
377 158
321 693
374 695
740 660
382 546
723 444
186 732
245 599
284 748
494 741
465 370
73 409
109 372
570 799
635 424
667 609
320 512
554 260
278 427
652 66
259 249
487 723
85 37
255 103
276 743
298 86
69 692
632 701
165 515
356 560
59 722
788 177
811 722
374 258
637 628
592 759
408 820
381 154
426 171
215 170
615 183
61 196
306 153
160 671
501 42
764 179
196 167
118 531
220 782
635 445
120 646
209 208
558 7
786 212
153 12
123 618
720 463
823 220
768 33
108 579
582 335
647 234
81 243
746 503
94 403
207 428
480 114
50 826
658 315
719 767
728 520
469 733
50 456
755 14
827 434
287 704
752 340
96 145
179 507
197 319
547 810
663 809
767 165
426 113
638 138
52 815
453 272
300 225
17 215
148 649
782 257
245 143
565 245
311 606
371 199
148 816
640 382
338 551
304 630
87 441
132 136
571 425
209 238
68 481
697 359
13 6
177 307
764 237
5 367
52 94
774 588
45 427
16 11
543 727
78 767
395 261
815 493
171 91
383 680
116 661
428 160
373 374
2 640
316 439
150 247
543 455
180 764
67 746
418 79
373 52
45 184
323 74
307 135
334 108
3 224
386 340
373 618
325 763
59 585
533 460
44 814
467 627
98 700
304 613
606 4
691 69
366 739
400 813
704 84
437 824
797 215
294 221
474 386
53 464
416 75
348 736
299 772
397 452
8 693
142 5
302 697
109 477
110 283
477 406
625 489
751 814
577 181
334 429
48 399
326 146
207 243
376 494
445 205
551 162
301 739
588 264
367 20
405 302
379 451
337 261
238 445
676 92
381 777
74 787
538 635
466 431
50 601
483 215
459 536
749 57
727 282
214 56
522 746
713 144
24 764
368 245
310 60
704 488
250 576
767 242
382 766
717 252
354 112
386 427
758 178
666 694
133 810
632 71
719 588
397 468
534 794
186 709
239 332
639 463
459 82
648 516
497 270
556 290
268 177
342 521
331 546
179 365
182 375
192 165
533 754
378 517
240 801
523 322
5 756
264 722
20 787
544 128
23 90
665 36
789 321
368 575
184 786
184 15
231 26
146 273
47 331
278 57
318 314
262 631
703 645
244 137
106 529
255 278
675 301
551 688
161 3
372 354
383 757
710 509
227 499
53 89
338 563
651 246
758 271
171 126
630 773
275 565
433 635
348 165
528 672
230 198
801 234
645 693
52 714
215 622
350 493
742 406
317 666
101 295
326 584
499 204
133 825
56 708
467 359
212 151
824 64
187 136
410 88
268 24
42 389
350 639
688 283
565 217
568 563
86 496
72 331
538 389
242 373
746 735
755 172
476 77
555 737
419 762
812 620
638 459
550 589
316 133
248 126
246 70
425 238
391 296
148 298
226 633
579 669
295 669
121 617
319 544
779 534
581 789
739 822
42 505
484 194
709 247
475 11
445 549
149 726
671 588
653 309
143 155
549 792
299 581
363 417
551 128
51 556
781 675
22 315
314 394
601 242
165 759
401 348
56 687
764 439
166 285
436 460
494 161
219 731
464 769
78 406
605 706
653 334
2 156
623 379
78 385
127 254
62 76
522 561
273 369
448 74
796 604
772 303
268 323
692 411
631 588
652 343
333 218
363 44
301 446
28 370
790 601
384 165
289 292
751 218
107 499
662 744
36 474
230 361
379 510
535 350
608 414
685 608
573 717
188 592
409 299
217 693
706 268
371 765
111 620
666 606
708 463
13 71
812 356
574 710
571 564
559 525
36 721
529 691
184 43
681 94
817 740
496 282
424 685
552 595
496 478
451 365
88 353
381 133
140 18
6 647
490 449
791 466
508 592
790 205
705 43
244 400
457 731
697 776
28 188
47 144
570 319
592 71
13 333
158 290
488 138
788 497
400 356
329 235
628 391
542 804
598 112
633 511
749 544
740 323
404 539
326 806
58 7
175 303
401 474
778 260
97 731
27 322
437 10
679 124
805 286
309 630
592 55
403 80
749 211
812 764
748 166
662 622
732 183
294 514
164 500
473 457
715 88
758 502
149 749
576 648
39 751
481 828
161 151
827 238
16 352
334 191
720 335
719 747
351 2
625 667
340 76
758 570
354 565
772 111
379 228
39 578
668 487
154 13
223 407
617 406
301 511
446 417
166 488
206 650
97 275
746 654
216 605
392 417
330 127
787 194
740 722
334 27
389 30
620 347
106 541
66 798
252 643
282 394
323 720
128 151
439 321
812 99
87 90
768 796
284 438
158 530
468 480
240 586
242 677
476 421
547 62
130 271
670 131
362 132
311 601
339 627
13 350
750 615
513 248
49 239
62 403
241 402
114 390
202 418
473 779
761 804
431 186
367 828
420 668
263 565
384 560
430 323
102 594
798 512
775 709
163 246
289 271
188 653
544 763
18 826
374 288
417 532
408 362
175 632
779 459
131 539
221 620
395 748
335 821
547 322
786 274
84 340
708 125
514 790
453 257
469 316
723 611
786 615
452 548
98 466
318 160
225 213
182 828
274 672
365 660
191 806
231 431
441 722
106 452
617 199
192 441
655 453
762 176
219 321
746 292
765 715
629 89
324 152
308 352
239 298
576 533
820 68
385 609
433 242
606 495
616 763
290 17
555 104
173 470
357 334
87 658
364 383
674 47
711 27
320 373
543 172
281 566
774 578
235 720
477 269
473 590
291 513
760 419
114 820
248 345
64 573
539 638
166 338
305 70
660 540
490 584
391 795
113 160
244 506
626 474
300 794
583 653
306 70
573 185
281 370
633 208
473 556
631 469
240 225
649 551
792 464
451 331
746 715
710 469
175 280
212 571
117 829
95 167
734 765
336 135
565 555
524 165
828 18
406 81
358 375
611 319
184 78
6 812
63 236
69 737
224 774
734 643
32 182
430 559
169 180
630 770
765 547
211 444
321 222
594 686
734 281
73 398
519 547
168 696
283 119
41 24
381 43
581 774
391 682
380 259
604 451
106 187
721 312
458 355
782 41
807 795
478 786
380 804
414 401
677 144
242 241
60 97
383 528
303 323
254 539
115 792
64 61
684 580
172 681
661 493
87 595
407 602
391 78
323 236
501 771
780 581
543 544
226 567
667 443
424 110
497 792
207 134
178 213
619 789
787 658
211 608
354 171
334 219
821 341
38 787
88 811
499 699
618 714
212 705
354 291
555 54
424 248
152 600
219 559
448 398
255 616
436 591
227 612
303 377
469 609
82 767
82 801
503 623
121 327
335 158
460 107
695 784
151 694
112 583
144 433
779 455
365 242
309 59
507 217
527 135
686 497
299 58
503 353
591 115
528 14
11 381
403 596
352 112
209 548
252 256
91 732
531 721
151 746
289 175
47 11
797 239
384 103
592 783
417 490
602 211
576 762
14 498
733 685
65 97
763 306
800 361
571 773
458 357
727 739
43 50
685 543
340 613
367 493
487 151
464 485
749 105
363 490
621 516
163 197
336 534
620 589
315 444
229 431
696 178
793 184
802 29
247 790
7 788
517 712
566 152
340 573
468 3
353 167
690 88
743 173
44 722
814 788
333 138
812 45
810 437
611 4
553 613
272 365
745 454
410 773
704 333
479 174
76 381
772 779
728 798
507 554
456 735
754 769
663 495
656 809
50 796
342 247
219 697
643 328
668 182
683 237
99 93
438 299
650 706
291 219
99 822
811 568
705 560
669 543
529 696
224 179
626 780
653 14
259 636
328 406
737 344
485 154
247 821
415 818
719 658
610 322
692 369
490 269
15 608
242 260
382 348
128 211
354 820
309 248
499 745
458 773
506 515
406 497
697 419
49 692
460 351
478 342
24 683
367 231
707 266
221 630
456 161
281 710
348 439
56 135
37 582
110 791
398 87
140 313
233 347
703 537
88 606
86 248
122 588
644 336
773 316
710 341
132 18
152 745
99 595
242 95
394 548
777 626
679 52
242 433
219 456
290 225
724 99
774 349
162 405
435 73
210 756
464 564
647 135
354 58
300 149
601 446
546 342
409 113
813 224
765 616
331 121
155 539
188 89
800 471
693 236
61 701
516 75
611 407
588 267
378 738
499 787
763 258
130 323
288 392
286 693
565 825
352 12
119 514
377 551
773 100
783 618
63 484
648 250
719 703
9 400
25 719
129 177
35 141
705 35
727 62
243 275
492 52
736 630
608 20
744 588
325 290
666 534
129 189
464 18
376 599
591 662
142 482
35 692
138 572
418 431
382 676
744 442
621 473
703 148
33 319
223 211
175 137
324 648
241 360
9 632
520 723
217 497
555 169
752 434
648 60
531 575
420 739
599 596
714 303
695 262
37 726
412 404
177 645
120 521
711 348
276 342
541 121
16 612
616 265
359 776
156 508
140 534
481 715
438 107
226 818
315 291
826 820
294 489
640 659
72 608
400 591
704 494
595 46
736 667
621 707
368 424
54 39
278 34
479 492
504 148
64 5
526 424
679 168
356 285
807 648
486 408
498 124
140 37
47 717
340 82
371 583
360 335
154 160
818 131
683 244
309 679
344 725
411 11
307 629
163 778
509 453
814 449
820 610
378 657
310 63
821 604
780 211
172 230
47 740
534 738
104 787
84 67
534 545
236 232
38 453
469 544
459 729
233 756
117 527
71 373
654 99
638 361
184 639
805 264
403 687
704 467
363 389
79 451
792 82
582 522
86 139
497 312
409 530
457 458
318 18
291 309
177 614
664 374
691 96
813 338
105 613
311 22
258 51
98 387
206 654
241 271
502 154
74 637
141 391
557 746
133 303
780 516
513 680
112 95
234 677
302 792
363 652
783 754
780 434
182 426
367 52
81 203
497 112
664 756
614 436
122 640
3 282
338 685
691 435
375 150
198 412
468 378
804 528
21 126
60 497
570 578
535 256
277 753
740 62
84 623
406 333
543 267
593 167
61 188
551 280
542 596
403 269
277 343
67 77
526 273
44 633
578 416
611 243
808 253
218 408
388 416
272 240
107 356
467 314
336 63
194 52
591 200
276 327
150 5
828 33
654 708
635 399
265 326
36 802
21 162
742 576
134 33
487 557
808 642
699 416
60 137
523 696
776 587
605 13
208 40
74 429
135 98
291 432
782 104
18 58
443 817
145 186
579 322
542 72
126 441
213 4
519 303
581 510
635 737
565 176
64 709
637 472
249 31
685 233
214 794
442 662
206 122
379 672
544 139
229 539
84 653
321 532
474 612
771 174
711 756
72 691
224 34
774 405
618 284
122 24
456 691
573 369
726 68
509 439
456 721
102 526
657 302
440 147
62 548
684 80
468 678
89 266
386 539
163 751
397 525
119 351
473 158
158 733
813 6
388 812
468 753
692 785
684 707
694 360
211 214
358 188
710 759
376 766
355 459
407 411
708 9
829 814
519 236
448 774
345 61
62 202
700 591
612 332
748 470
455 507
76 282
152 422
412 21
53 564
532 346
10 191
296 242
618 654
430 459
598 15
332 353
577 559
183 828
16 106
200 235
729 33
609 654
797 418
631 66
106 461
725 291
222 783
823 436
691 604
513 78
605 637
377 103
813 472
505 547
336 813
23 145
687 312
386 544
559 337
566 340
668 153
790 58
575 448
92 746
71 652
261 180
718 134
566 429
211 1
791 361
288 25
525 78
815 350
601 46
502 407
791 277
313 818
357 642
445 522
161 511
292 767
167 662
218 718
40 206
672 187
99 483
93 767
348 248
374 178
215 325
563 283
462 149
796 390
131 445
220 508
369 328
445 173
679 791
133 630
686 156
391 734
189 450
704 514
793 24
360 690
651 66
781 772
260 615
226 289
737 632
713 646
324 408
659 413
774 524
364 228
315 6
575 707
320 764
493 613
40 727
713 418
513 634
159 492
151 457
518 410
92 330
578 301
238 630
759 201
512 537
261 487
157 149
272 561
343 422
15 76
503 4
476 820
342 57
538 347
88 419
582 218
661 292
470 147
