454 1918
250 275
76 192
329 238
137 182
47 383
396 312
56 134
243 228
201 405
20 30
200 212
114 311
51 443
256 300
360 306
200 263
318 101
101 437
223 35
442 280
257 368
434 256
116 194
386 302
284 78
187 163
349 212
276 269
29 288
107 448
34 260
454 306
214 283
136 364
111 398
23 274
229 152
263 220
19 39
434 311
269 73
24 373
328 150
181 371
415 224
260 344
92 205
236 179
342 359
376 405
46 414
344 345
202 191
148 40
43 34
50 62
45 208
57 196
411 105
419 380
253 298
58 170
380 276
437 286
360 383
158 120
232 397
44 393
452 169
439 175
105 289
240 397
239 29
141 132
128 202
241 337
333 65
294 227
15 86
225 406
431 417
442 308
395 64
184 412
70 164
138 43
158 165
343 108
5 126
416 346
93 151
314 14
213 248
315 342
430 52
64 6
334 118
343 232
114 142
340 448
276 31
104 121
253 86
254 397
292 402
344 299
22 427
1 250
77 398
5 63
122 35
230 224
207 193
257 349
261 84
382 308
410 279
286 250
106 306
147 44
366 408
61 95
174 78
394 392
30 131
259 235
106 384
391 424
177 123
157 38
440 436
82 221
145 105
159 243
220 241
436 53
10 289
227 123
451 44
414 160
218 101
447 290
335 72
421 442
140 196
443 25
165 336
35 293
112 447
348 195
132 20
151 313
127 421
172 68
31 439
108 125
410 235
106 94
391 140
295 30
403 259
302 151
270 261
100 383
63 180
412 35
187 166
249 84
38 230
420 48
170 339
130 15
246 358
388 164
170 132
412 233
423 143
162 8
320 91
311 153
303 440
372 329
47 46
353 202
333 242
298 405
312 354
425 420
83 202
175 243
265 27
70 39
230 333
323 97
305 423
69 436
283 346
147 171
323 348
33 37
182 68
384 332
338 111
116 271
433 145
412 136
264 20
11 428
335 350
443 341
242 414
287 353
302 390
404 199
310 344
139 155
83 72
83 114
380 282
188 435
415 414
10 439
182 3
361 125
188 375
216 179
51 306
75 89
344 47
294 249
161 327
77 26
276 344
95 103
108 55
39 204
346 413
96 340
25 261
248 271
129 337
232 128
287 93
207 369
177 106
250 269
292 359
250 429
84 310
105 346
401 238
318 154
315 85
14 368
106 209
383 124
341 406
192 182
399 27
66 361
110 276
434 71
293 359
34 389
375 406
293 404
72 38
226 261
126 347
369 107
326 243
302 202
326 403
416 374
252 123
297 83
233 205
414 134
15 342
202 172
333 425
355 121
223 268
433 120
236 338
395 167
419 12
442 383
211 203
281 333
305 47
334 252
208 434
229 331
294 132
159 81
441 66
289 236
427 340
398 355
203 224
113 101
260 305
377 109
117 165
256 117
133 414
294 4
125 76
428 148
183 229
319 378
264 190
397 389
153 203
200 385
384 441
382 5
81 96
451 349
73 245
121 253
421 58
103 146
420 351
453 138
203 82
248 385
237 149
4 12
90 255
147 284
12 376
100 122
277 379
125 199
375 104
409 64
181 71
441 54
390 426
289 69
148 143
146 324
11 71
196 263
360 169
277 114
300 88
255 444
279 262
149 150
337 392
173 356
119 298
138 7
375 336
452 54
314 166
418 337
446 297
434 83
268 273
166 39
113 194
267 429
220 336
238 40
161 255
86 326
427 173
194 298
434 18
405 335
358 174
439 147
211 318
381 183
381 191
210 320
98 316
422 53
170 1
354 443
433 331
96 224
224 265
68 410
66 261
277 347
390 41
392 345
257 109
436 149
223 154
436 246
426 186
102 434
10 294
323 218
89 257
198 141
345 51
73 263
46 26
192 21
89 370
128 331
381 103
261 279
362 126
172 91
425 133
59 427
130 296
148 183
339 127
433 389
306 407
289 140
387 218
243 403
405 74
385 392
5 344
42 259
121 230
75 200
298 218
148 419
387 92
148 214
172 386
119 382
296 177
430 429
453 402
144 394
387 149
391 215
139 230
244 297
445 446
70 199
120 207
32 23
43 2
356 309
175 84
202 145
64 437
259 124
8 305
301 17
165 246
441 95
394 148
10 134
167 239
263 48
435 119
188 266
135 48
337 212
169 193
179 166
117 214
92 330
307 305
259 207
243 18
138 396
55 244
65 417
155 49
20 452
131 388
166 431
44 31
103 259
138 44
123 391
24 267
134 428
419 377
335 318
430 88
268 176
351 7
118 67
410 222
311 44
388 189
383 449
210 1
10 254
368 325
222 150
10 190
43 271
343 419
363 160
368 57
432 201
112 218
453 75
111 222
260 317
328 22
80 218
341 340
192 315
229 179
235 405
383 45
145 338
335 374
80 163
90 239
307 446
419 433
50 137
78 178
397 131
331 443
236 308
87 163
32 242
23 184
443 352
4 98
383 437
74 185
386 176
28 199
384 171
60 242
324 374
255 178
207 178
222 169
220 449
308 445
196 135
436 14
257 95
364 362
253 208
237 329
270 304
111 241
7 11
208 425
425 235
45 87
38 213
230 231
250 85
242 295
299 189
186 75
110 50
60 35
148 38
194 450
323 260
346 229
1 315
279 122
138 301
437 268
436 41
298 390
84 150
92 168
54 250
79 152
430 161
387 64
216 342
3 420
229 9
125 313
439 242
319 11
287 185
198 136
395 375
147 131
203 289
259 395
176 436
317 16
391 177
340 422
280 207
427 233
329 75
12 114
267 342
442 184
196 1
229 155
383 106
119 207
219 310
208 244
167 454
292 350
143 185
235 195
359 293
64 402
390 441
443 283
443 354
227 288
227 178
442 23
442 162
103 329
166 308
163 313
296 437
39 185
291 392
230 376
12 7
453 323
295 125
128 156
150 353
191 205
35 65
60 202
164 223
145 333
106 271
33 67
349 358
251 118
364 373
8 450
29 430
452 298
95 31
163 11
171 85
6 78
38 267
167 270
316 436
327 79
172 290
108 370
208 65
365 344
422 389
67 253
292 453
322 75
295 10
80 174
40 359
189 278
409 145
198 88
450 114
183 411
163 108
243 307
377 362
410 113
49 58
219 81
235 283
19 237
135 391
259 257
324 438
36 101
181 384
20 241
337 343
408 330
19 343
407 130
153 320
381 330
389 221
265 437
191 298
221 217
388 152
36 158
375 29
452 250
359 381
390 145
312 449
391 278
432 154
27 165
30 20
411 399
247 91
78 137
284 128
116 64
326 448
119 241
434 82
446 308
376 365
146 200
301 158
128 315
136 47
64 171
240 28
14 363
308 208
12 15
280 379
417 330
350 245
91 266
21 70
307 335
442 218
31 286
268 255
72 45
386 197
14 155
144 121
197 454
277 384
50 137
68 124
243 152
245 369
217 299
435 346
188 110
107 188
184 75
114 72
271 5
12 354
379 15
266 215
422 60
158 242
336 353
450 154
153 399
406 442
159 108
91 248
5 202
415 36
343 267
448 303
64 257
204 251
336 319
357 113
360 158
446 5
2 392
81 8
284 133
106 159
243 46
241 144
148 281
274 113
328 87
142 198
4 199
51 180
295 178
255 353
92 423
400 438
179 411
116 11
371 327
259 417
451 51
96 129
327 62
33 77
282 218
149 417
339 369
12 152
350 327
112 272
348 135
384 24
95 394
69 154
421 408
410 131
345 24
29 108
337 198
69 71
167 2
358 86
257 13
304 283
12 304
206 177
384 409
326 318
188 229
453 393
329 32
449 391
225 147
218 413
447 424
99 438
284 155
251 164
271 42
98 216
248 58
83 431
219 243
319 22
65 157
125 62
167 270
18 37
55 344
325 234
155 381
446 24
347 331
32 36
423 302
430 122
301 93
13 150
121 258
350 337
253 89
70 365
20 239
168 129
389 390
132 367
299 411
67 134
327 365
364 419
169 369
192 239
30 210
362 164
85 32
20 74
346 103
160 396
195 173
259 255
69 67
345 86
262 389
89 191
250 47
177 126
298 48
302 117
79 453
101 377
182 437
32 167
202 262
369 359
187 217
177 261
279 222
389 242
396 304
324 418
371 291
201 149
39 300
440 380
284 185
40 389
420 9
348 127
261 440
129 196
437 54
288 389
301 429
69 425
48 194
91 176
199 160
402 276
185 397
145 52
58 276
203 2
409 435
400 153
302 208
308 194
177 97
361 318
12 108
104 435
432 431
300 358
92 345
252 351
82 452
161 232
47 78
124 139
394 202
442 294
18 206
190 445
395 69
93 15
92 35
220 289
267 88
93 404
358 183
379 109
186 93
43 111
200 300
303 284
277 189
104 86
51 38
65 264
12 360
358 347
23 4
450 271
135 85
346 73
378 354
50 357
365 429
86 214
96 100
173 306
123 328
62 295
341 146
91 260
325 8
9 176
225 27
281 11
238 324
304 78
447 38
432 379
206 266
382 235
271 311
355 333
42 432
144 344
390 334
88 369
40 387
200 87
228 356
20 204
86 289
149 14
262 182
339 198
52 438
45 137
380 294
377 99
409 251
247 229
418 91
188 90
314 139
424 85
119 27
229 95
295 359
386 406
146 279
27 290
300 301
371 35
145 217
5 237
266 319
446 158
319 279
258 192
420 375
253 330
343 303
62 278
348 17
340 96
79 388
385 447
345 172
213 223
425 369
415 302
382 76
110 343
226 398
123 383
75 206
242 63
385 327
131 54
106 49
4 348
191 362
414 162
341 431
42 453
9 438
420 73
118 438
364 182
308 109
52 149
133 203
285 277
403 424
46 238
245 199
37 296
364 303
23 49
19 424
44 26
163 239
417 97
146 216
16 106
7 318
329 252
379 135
82 292
251 293
387 31
281 442
59 8
427 54
15 54
405 235
365 35
406 402
288 311
188 370
444 307
328 414
54 37
130 175
361 140
205 264
18 14
123 228
127 94
191 193
413 435
84 4
203 142
124 125
381 436
434 317
361 408
450 242
357 3
24 409
247 436
345 432
189 12
358 385
323 235
440 188
344 271
19 414
287 222
2 350
411 428
46 281
340 446
68 130
163 10
91 47
331 323
109 49
62 409
250 258
299 53
253 115
216 211
220 212
394 314
16 176
30 53
379 5
422 419
7 22
258 382
303 43
76 377
247 306
48 10
255 224
354 177
79 129
273 357
386 45
234 429
129 100
37 66
46 445
307 129
80 419
56 424
131 452
347 66
210 24
187 214
311 86
59 35
266 387
389 375
64 257
109 139
227 451
49 82
452 338
294 171
194 444
311 108
241 22
227 85
358 328
115 153
224 13
87 139
312 98
149 251
454 155
403 28
84 344
133 421
66 9
134 187
409 172
250 315
181 2
214 163
384 434
15 431
370 215
38 379
251 157
295 122
32 199
300 71
355 76
417 35
232 349
377 362
222 42
243 175
234 202
54 326
149 258
266 91
128 214
405 371
178 141
441 225
170 411
202 266
257 7
60 56
141 279
254 291
396 21
236 6
177 65
81 418
417 390
264 350
193 76
243 268
56 310
210 176
98 164
36 147
4 433
113 224
350 208
240 249
283 419
439 273
2 330
127 186
245 430
376 84
213 338
189 68
79 435
129 64
232 207
409 266
417 250
423 319
55 19
435 422
360 42
203 342
395 114
55 44
414 362
237 309
78 321
307 214
287 414
341 405
282 91
353 399
127 90
151 13
294 93
402 246
60 160
173 122
214 289
320 181
103 24
16 206
74 444
14 217
331 251
281 82
360 280
394 340
262 35
234 359
187 222
76 369
363 313
424 80
167 279
96 202
133 202
431 254
429 365
59 21
176 140
341 395
167 326
343 36
261 129
235 320
95 417
344 451
2 173
183 311
70 420
226 297
368 311
307 44
300 378
254 119
317 393
72 306
318 127
437 24
314 299
74 239
83 377
444 34
330 37
283 429
18 302
5 182
287 79
125 189
344 362
410 37
443 279
233 49
164 20
314 199
244 392
21 41
247 47
209 104
411 29
298 101
438 28
409 271
387 380
41 177
49 154
135 362
339 58
249 35
43 227
6 274
337 198
292 372
148 307
186 197
206 18
74 116
426 146
340 321
217 322
107 222
23 446
264 101
80 113
310 430
26 300
361 89
313 119
122 184
445 131
32 159
144 149
261 208
216 119
199 226
271 7
110 365
346 377
39 235
394 222
319 450
452 265
282 183
187 418
103 385
343 279
104 406
432 142
9 56
44 298
440 289
107 349
427 329
384 213
446 44
87 217
72 137
450 35
403 351
131 363
263 152
63 201
222 137
13 223
313 174
271 150
11 199
34 437
222 384
46 168
234 310
141 53
86 176
309 176
189 340
177 385
434 127
125 295
365 137
358 406
140 202
254 289
215 170
427 321
23 1
169 448
421 59
410 54
442 289
252 379
406 151
90 337
385 386
233 174
37 158
162 59
198 388
299 215
375 434
115 419
192 116
155 221
38 32
62 292
149 370
40 21
241 371
362 135
303 164
451 385
316 103
178 402
383 307
407 335
316 260
415 437
184 249
425 318
231 211
418 42
322 233
97 360
374 78
168 432
158 201
380 49
108 10
442 298
108 124
299 59
253 68
279 98
176 428
335 18
174 453
225 59
441 245
453 120
363 262
276 207
30 149
110 170
279 439
279 18
261 41
332 290
11 280
182 262
386 178
229 277
161 384
334 194
211 267
441 247
266 303
39 194
346 45
249 181
212 239
252 78
280 436
187 71
418 288
38 359
205 3
139 124
71 348
281 88
69 363
353 336
303 310
339 313
424 195
442 172
340 319
338 270
107 81
339 282
243 50
407 3
53 312
68 51
108 163
99 34
33 302
425 41
431 109
296 168
374 194
70 261
163 348
197 56
40 146
186 425
404 386
244 356
398 433
65 123
89 348
332 147
152 379
356 258
337 238
125 123
99 115
151 14
105 106
414 315
230 285
47 426
368 210
35 139
17 7
449 165
112 75
10 369
113 321
113 310
419 200
452 447
235 379
295 450
422 130
327 138
59 21
176 363
122 450
13 413
141 31
154 169
257 246
297 154
434 2
202 121
301 129
85 91
29 105
346 158
80 401
388 53
241 152
72 218
360 180
420 387
367 350
38 454
263 343
255 177
362 306
45 200
62 197
302 382
167 83
102 382
266 17
81 171
400 150
302 228
21 99
313 421
280 24
177 404
269 45
262 55
139 166
438 118
304 68
70 8
117 151
391 19
226 205
303 396
208 390
240 336
229 451
390 452
135 236
238 123
5 192
271 145
357 159
87 64
346 242
303 51
248 1
357 450
277 378
151 421
196 211
150 243
406 448
87 356
118 398
375 93
331 301
161 208
261 204
28 37
187 308
262 413
228 390
314 66
150 451
380 290
450 249
238 8
112 448
305 272
229 256
36 216
177 213
146 369
248 175
47 22
185 251
165 196
5 320
72 113
295 355
100 372
439 3
144 421
132 310
309 177
40 105
68 121
122 91
217 213
291 452
175 305
280 408
249 53
273 105
344 154
22 381
313 134
377 130
90 56
138 28
126 189
88 38
329 310
10 125
365 366
114 426
159 123
323 176
303 96
221 435
68 299
211 347
129 258
7 350
445 444
101 188
164 271
388 418
302 51
341 127
268 243
343 393
415 152
329 431
367 5
89 417
307 265
340 316
359 140
343 361
25 263
337 226
117 202
165 350
402 148
354 402
433 116
278 367
64 411
371 1
199 103
13 315
412 168
251 68
337 185
381 206
110 366
37 76
37 423
337 306
424 286
381 442
392 110
41 278
344 416
179 144
358 32
371 400
273 316
347 134
97 426
417 306
127 229
175 274
336 294
360 350
139 403
70 104
22 431
326 440
241 313
204 321
216 131
58 238
125 302
98 42
267 411
55 144
27 376
389 368
212 388
422 344
83 251
106 85
200 252
110 93
106 198
162 420
202 3
205 17
229 169
357 409
206 434
76 229
157 93
421 133
262 50
146 426
340 373
143 101
442 90
37 232
219 192
253 146
330 121
355 251
204 338
446 128
161 113
215 398
326 196
359 84
87 344
231 133
114 338
142 454
14 338
394 433
359 187
221 3
136 447
435 228
56 179
441 49
161 53
292 131
86 437
114 314
20 291
285 320
441 319
33 164
75 370
421 392
410 367
13 82
172 411
193 20
343 92
216 399
134 179
324 67
295 338
95 337
422 244
287 122
177 72
38 95
71 163
443 428
364 453
307 81
132 169
419 249
354 253
310 150
314 339
243 76
4 140
412 62
399 351
123 280
25 15
263 153
64 73
147 362
404 196
293 59
438 421
398 270
378 16
96 235
161 263
183 270
118 108
229 132
256 385
294 59
89 41
381 356
47 323
445 176
76 438
24 112
434 57
8 252
163 116
80 281
241 54
334 52
331 187
180 259
424 304
115 393
398 221
421 293
101 64
49 422
133 108
49 314
90 319
125 270
41 110
263 29
264 142
8 164
289 27
278 329
343 276
281 335
104 88
290 447
148 277
225 357
195 234
229 69
302 96
308 442
135 188
329 237
292 222
246 86
404 91
84 204
320 344
253 289
388 369
53 388
163 368
6 156
222 187
331 330
396 203
313 160
34 368
65 244
224 202
96 42
427 149
92 250
443 39
317 320
314 21
363 352
23 64
311 218
23 20
432 260
126 29
392 70
109 287
195 23
158 164
58 389
261 389
177 227
95 57
112 420
418 250
208 234
284 3
131 140
134 449
92 363
