663 1951
465 13
325 415
141 619
239 500
142 405
344 149
119 654
77 394
1 322
238 94
215 366
348 389
615 86
492 587
112 271
352 40
275 510
509 617
359 399
190 90
31 280
43 613
394 461
213 646
543 427
18 513
438 258
386 553
476 473
583 580
429 266
130 526
259 539
338 419
188 208
366 241
348 233
377 60
104 96
409 364
204 414
663 257
206 629
554 598
152 211
265 185
396 554
330 502
232 180
506 226
557 619
648 306
620 380
351 142
289 482
542 281
51 239
76 194
447 659
75 497
581 390
224 426
271 216
338 105
333 405
100 200
478 305
30 634
517 266
69 70
231 51
164 349
411 184
50 370
45 58
166 312
156 366
7 120
564 658
306 267
514 28
276 129
118 341
198 89
503 595
16 384
66 176
262 457
326 482
555 402
285 471
360 47
347 161
353 532
417 537
416 305
140 302
143 316
377 314
580 478
446 328
42 222
260 248
591 652
245 647
112 637
492 125
600 620
116 474
249 177
166 244
159 229
67 618
398 329
161 50
415 359
91 199
449 182
408 404
536 618
146 121
317 156
633 18
354 424
12 536
213 21
291 340
221 494
297 146
299 40
396 625
414 362
438 479
532 495
601 415
596 381
315 128
456 557
413 98
451 334
522 464
248 383
326 145
511 182
307 335
340 66
53 46
611 583
23 151
483 279
67 473
464 168
145 346
310 251
476 78
217 197
185 377
426 67
538 655
124 574
14 390
227 420
26 565
213 341
138 315
24 513
164 213
439 68
653 242
13 227
80 279
192 194
659 515
561 277
291 368
523 240
234 431
376 349
332 146
292 491
350 589
566 85
207 586
230 341
148 375
87 610
199 357
618 44
115 292
637 450
7 524
183 175
146 89
518 549
142 535
152 335
542 555
357 226
194 496
416 411
412 583
403 44
58 570
447 297
443 382
342 591
158 582
363 298
535 403
384 311
585 379
199 590
33 47
208 75
663 403
309 373
115 634
252 235
517 339
41 648
434 653
348 44
555 547
20 52
518 285
181 586
558 538
631 125
76 422
95 499
258 158
383 203
381 440
427 267
215 656
305 661
281 16
656 297
326 270
105 226
29 644
571 57
178 265
328 132
242 47
439 21
485 482
142 116
181 517
352 430
508 328
24 9
100 12
294 559
198 346
73 177
8 556
601 440
19 132
327 423
469 323
64 97
166 376
50 516
305 471
38 625
510 257
362 418
401 117
170 434
619 297
549 540
652 294
109 260
83 612
388 231
60 94
454 340
212 486
434 217
116 177
24 412
145 393
76 592
479 105
540 294
17 454
185 290
306 40
353 542
299 652
432 49
129 238
53 238
101 163
154 150
396 515
446 96
114 41
229 445
406 154
269 250
113 105
479 307
372 445
221 305
49 62
313 194
266 94
10 32
418 378
69 59
111 355
604 130
168 89
13 107
266 302
418 626
64 332
353 174
385 310
541 28
57 618
85 410
277 551
310 79
77 192
543 68
91 151
76 626
505 530
12 179
563 598
108 245
581 545
561 326
99 431
662 259
134 170
370 135
3 214
441 370
106 55
75 46
121 225
518 26
279 36
491 431
456 147
113 574
227 151
561 303
126 58
591 528
133 583
565 1
265 611
109 524
588 545
498 178
411 86
209 88
104 261
35 46
347 434
254 474
177 298
131 162
396 335
147 591
528 185
631 170
599 511
176 60
431 631
5 411
112 278
227 164
490 334
309 353
297 50
168 221
430 634
189 331
192 339
346 105
363 17
464 37
293 97
627 428
300 153
180 505
466 442
154 3
56 441
11 217
583 455
446 628
268 91
122 212
406 176
345 309
408 395
134 37
257 268
102 251
40 522
416 305
611 154
558 66
298 393
9 47
361 492
98 363
470 93
623 477
565 140
262 309
571 269
295 12
212 399
234 589
358 15
387 479
432 218
513 512
477 597
557 269
262 285
41 330
7 315
529 425
638 251
592 173
294 498
231 326
291 547
47 141
497 4
36 627
417 209
136 111
373 355
452 611
449 280
451 420
451 357
8 269
35 538
501 91
435 416
632 212
425 295
450 619
201 220
402 191
567 189
162 94
621 32
633 221
478 183
2 185
360 261
38 305
448 411
448 289
579 141
509 142
546 205
482 388
287 13
156 309
265 1
191 70
534 439
309 577
488 218
224 361
649 78
626 541
502 307
296 435
387 375
515 250
101 534
649 173
173 415
474 86
328 618
130 277
90 317
658 612
504 539
116 475
168 470
12 320
177 128
651 47
277 517
14 343
129 350
605 563
422 219
488 325
316 11
451 310
236 343
552 184
436 35
459 460
272 41
140 93
562 324
503 309
215 56
408 115
270 573
523 409
10 412
352 307
75 102
583 268
412 202
367 93
189 524
564 495
195 612
612 495
95 634
312 389
637 433
179 663
400 522
61 217
233 36
311 212
520 1
499 491
568 17
623 1
300 369
128 198
400 353
323 224
544 454
255 312
264 244
462 626
113 492
517 640
356 360
166 484
587 632
185 626
493 328
241 554
462 611
30 33
343 75
200 140
49 429
446 420
642 564
639 485
413 416
323 161
561 515
448 332
134 388
215 423
93 545
582 337
354 515
539 19
92 43
647 571
570 277
53 89
201 227
222 607
264 562
68 120
198 302
301 25
331 381
627 7
647 369
640 28
56 312
187 632
130 479
352 24
552 344
133 110
344 303
494 231
585 90
2 44
486 481
417 423
24 91
393 65
636 336
253 137
630 241
255 164
135 450
339 243
558 378
472 566
310 382
89 451
350 105
193 371
399 524
361 353
221 352
211 385
298 395
115 90
158 181
240 141
476 421
35 437
385 177
294 22
230 206
41 510
635 618
163 503
261 176
270 640
216 489
409 122
596 118
605 637
457 401
515 466
181 300
547 14
583 180
294 575
539 276
455 201
371 588
570 187
553 436
209 276
190 98
305 436
309 324
15 139
414 285
417 630
222 2
15 100
37 308
485 93
622 79
19 269
426 599
356 422
87 455
585 565
127 658
310 167
517 153
532 49
408 412
116 446
64 578
487 585
263 87
189 217
634 152
372 261
336 635
662 455
438 220
349 547
313 103
285 390
432 106
297 87
511 622
220 195
451 641
27 271
374 111
444 592
53 663
101 581
145 245
663 116
234 336
482 88
86 336
473 327
368 602
402 231
535 534
80 613
25 341
331 227
539 375
563 655
564 472
374 114
11 473
517 575
131 27
527 284
623 148
201 371
359 498
583 581
54 195
11 517
351 314
476 467
220 68
227 578
104 92
620 462
573 113
163 362
453 647
76 157
140 254
579 284
528 293
185 67
294 531
502 335
376 284
632 27
603 129
136 557
553 120
613 387
37 55
572 7
146 200
339 456
420 511
108 513
564 125
30 514
88 11
444 604
216 248
657 76
5 484
170 541
478 626
147 607
525 501
525 117
165 298
532 490
77 423
96 258
555 554
359 217
517 503
383 496
200 396
314 245
63 42
608 227
211 106
639 159
81 227
558 164
541 405
328 274
367 315
324 8
492 52
249 654
297 122
82 139
182 159
226 88
144 86
131 449
79 648
461 604
415 339
206 285
571 227
119 449
180 444
595 334
358 498
41 110
86 267
61 658
73 97
84 441
499 288
188 319
318 532
134 177
378 188
237 549
270 256
640 449
104 473
458 486
153 220
334 175
51 652
142 284
71 448
101 557
2 96
399 140
463 130
80 376
408 251
407 451
346 588
144 155
333 13
550 412
125 165
639 51
342 266
348 377
556 104
361 90
341 535
179 151
97 341
507 293
234 484
573 253
486 462
127 395
288 297
190 628
500 522
582 390
613 239
407 386
541 21
357 338
55 1
497 15
59 277
39 255
559 564
336 179
236 317
108 291
128 430
604 591
441 262
624 325
509 593
328 69
284 541
295 471
619 570
238 371
488 287
357 652
607 242
210 46
291 598
490 181
151 530
429 408
480 640
266 556
449 96
375 648
516 505
333 588
546 461
58 378
46 247
161 312
418 138
109 30
30 553
102 211
592 303
375 537
107 512
513 409
133 73
173 450
43 183
404 84
460 428
214 410
558 572
158 132
128 657
452 27
411 519
57 228
559 208
663 629
405 163
563 192
408 614
443 218
287 406
343 123
516 552
543 83
133 564
334 132
408 273
590 224
461 203
209 92
353 396
264 600
447 455
299 474
595 131
64 449
271 527
9 261
79 80
231 412
516 523
475 239
427 205
123 627
402 194
133 401
153 27
284 582
543 445
67 514
307 196
519 595
311 191
513 389
560 347
49 121
476 439
211 639
226 362
61 385
249 504
407 343
40 500
379 434
207 475
341 264
413 245
470 259
492 627
299 393
309 250
357 202
542 243
301 490
265 386
98 382
432 413
250 636
356 228
263 244
642 91
439 211
430 450
457 77
213 243
22 98
323 67
70 531
353 285
289 583
78 516
292 125
409 205
94 7
393 265
444 52
445 193
656 362
656 188
350 360
438 147
125 155
306 167
660 151
634 501
353 164
508 537
239 286
405 145
613 43
399 201
329 83
498 258
629 297
586 637
23 324
640 272
298 103
309 469
276 625
448 97
299 196
544 364
196 325
435 333
536 659
376 142
420 33
375 653
615 306
348 314
103 48
458 172
322 337
305 212
462 209
316 85
297 102
19 212
461 201
411 422
386 504
450 515
38 115
87 61
340 568
254 305
514 429
161 247
542 242
557 349
452 361
212 105
414 97
581 261
165 621
183 25
478 271
157 389
513 262
315 446
455 575
397 8
497 401
349 604
560 182
277 581
354 484
179 615
225 457
567 22
211 557
115 585
540 216
611 503
655 67
306 308
303 183
53 457
172 316
33 560
227 77
306 326
391 561
18 286
475 331
571 646
46 658
397 403
512 602
424 432
6 601
131 641
414 116
411 285
461 96
563 371
598 330
544 149
474 189
552 164
601 609
390 297
20 235
307 628
427 575
599 575
356 19
496 638
487 318
325 41
437 132
450 415
338 538
301 508
355 657
219 384
406 494
57 554
330 108
105 395
348 409
314 625
151 38
122 456
268 484
346 574
77 562
366 70
154 473
567 46
107 525
566 457
225 298
132 326
176 584
96 144
602 311
580 650
189 459
138 339
498 369
325 405
580 396
35 321
68 421
88 110
233 472
295 241
151 432
489 651
334 529
394 238
461 144
450 370
505 612
45 397
488 230
362 132
382 288
334 588
6 259
306 511
91 593
607 308
446 414
135 252
568 191
486 153
656 641
567 53
38 404
532 42
414 201
83 438
48 124
82 487
421 205
650 662
525 469
407 355
476 384
369 111
161 56
203 561
16 381
536 526
420 501
246 95
518 291
170 260
67 507
219 84
265 81
190 423
8 270
144 297
614 549
645 599
546 571
637 340
107 307
383 442
368 130
121 650
322 140
289 215
611 650
19 587
416 124
126 557
347 123
568 337
54 171
63 305
362 367
588 196
202 641
137 397
328 357
514 35
268 336
96 366
172 615
662 254
347 581
283 305
237 391
72 479
443 530
123 384
633 319
70 637
507 103
431 121
369 149
194 444
82 506
173 543
75 81
427 34
68 620
448 468
164 499
536 480
415 253
250 278
131 659
335 78
416 486
619 116
491 655
462 443
597 2
318 139
630 247
301 622
433 361
91 97
65 575
131 259
148 548
324 173
454 308
659 348
289 553
194 304
510 490
347 323
301 479
610 488
190 397
271 333
32 649
573 496
240 309
225 622
511 631
441 640
188 565
488 484
458 463
271 534
151 160
533 651
298 568
127 278
429 333
77 567
384 387
85 615
239 401
319 377
580 610
206 621
27 389
320 617
512 298
419 284
482 375
441 256
640 629
384 352
311 43
431 126
504 112
82 500
460 421
405 362
595 320
70 380
234 520
8 165
594 266
597 164
407 644
246 90
170 63
275 259
414 328
31 595
168 84
16 512
431 269
251 154
147 203
513 33
235 96
333 635
549 78
399 508
49 345
452 116
637 634
426 472
556 330
69 183
209 28
19 654
7 229
354 346
462 180
427 7
215 286
343 616
588 205
22 412
143 207
337 109
580 307
390 244
102 657
137 206
113 644
4 337
13 619
416 476
455 177
607 603
157 11
312 59
270 382
534 577
193 627
46 94
270 52
648 185
94 250
641 464
452 285
204 192
21 500
362 477
575 573
491 548
581 438
640 399
385 307
47 569
615 270
195 525
91 21
272 185
141 601
82 578
171 616
267 390
31 240
82 477
96 265
462 93
15 275
388 200
617 244
203 186
434 595
541 11
45 282
647 358
408 317
477 484
488 60
159 582
382 430
467 653
79 613
550 390
247 563
169 203
544 23
55 193
95 281
299 184
79 520
631 292
125 477
565 559
201 59
91 298
574 560
64 206
272 308
394 348
451 224
632 105
226 392
646 663
234 239
17 135
168 394
576 73
487 67
96 396
387 432
497 549
597 395
578 379
26 49
256 418
8 188
410 98
430 651
351 511
631 632
482 608
377 230
99 309
137 56
599 211
81 656
481 247
482 14
457 289
539 630
442 158
460 21
429 27
544 590
151 406
360 529
132 302
300 322
249 17
259 145
304 481
429 67
221 193
414 515
317 299
490 519
384 415
147 534
440 23
47 16
526 641
2 38
202 243
422 284
504 432
53 192
638 112
571 42
327 586
601 559
264 566
397 84
95 361
640 132
281 591
639 138
628 284
485 510
444 434
508 359
346 393
333 139
379 53
113 13
424 553
297 518
653 31
385 266
642 168
80 631
174 126
463 130
195 194
590 255
13 52
188 497
424 294
68 449
253 618
256 259
529 521
310 160
288 485
217 418
586 517
327 614
64 643
396 209
370 144
655 222
74 383
355 403
197 597
363 473
394 523
212 225
536 172
397 555
624 435
318 267
15 606
376 119
630 49
152 175
276 651
29 253
334 141
235 11
79 338
440 266
481 351
567 321
60 102
245 131
380 147
231 200
281 630
561 330
562 108
623 563
583 136
34 147
595 125
562 98
577 520
576 248
390 380
520 436
415 42
580 174
48 414
198 29
432 174
276 662
644 555
231 477
343 586
227 65
313 204
608 443
522 197
524 140
150 477
126 475
255 1
345 551
389 538
26 200
19 541
453 463
263 186
488 294
416 140
259 448
585 116
337 597
119 174
352 178
348 150
320 366
291 381
512 274
182 512
217 355
201 624
362 287
542 251
545 168
527 301
571 454
479 540
614 160
621 633
622 649
204 631
661 174
221 442
296 286
155 221
391 58
409 78
370 323
305 242
522 219
639 116
590 411
331 638
12 628
574 119
99 448
82 426
147 376
259 1
622 367
313 78
500 69
147 296
512 280
244 189
190 111
209 130
627 90
55 212
149 355
495 277
280 387
117 82
42 572
183 310
242 19
51 145
448 349
37 621
128 401
31 242
167 229
36 661
192 400
524 570
661 426
398 414
168 500
518 599
69 24
97 38
361 22
313 93
622 48
499 586
76 563
322 162
470 431
5 257
573 557
157 110
375 290
111 463
658 145
55 480
469 48
501 5
263 314
340 390
511 60
242 466
356 437
426 193
476 41
529 24
399 284
308 357
597 230
91 422
140 611
339 179
406 156
102 111
543 203
610 538
239 203
11 177
381 315
304 531
288 192
105 173
424 298
140 14
283 115
272 40
437 112
55 357
232 331
385 228
427 468
193 434
460 588
140 144
372 318
216 132
540 119
158 220
395 310
506 229
395 300
58 44
125 107
610 490
593 428
276 80
638 631
576 178
564 271
231 9
383 381
90 660
617 231
596 593
498 96
242 463
583 289
288 360
561 361
280 659
106 90
184 227
278 368
169 568
418 311
420 235
172 153
427 160
224 522
517 134
9 338
129 11
462 222
210 293
554 600
570 54
78 402
328 280
279 95
20 63
64 393
390 261
65 314
5 422
254 550
209 635
213 450
141 500
402 526
30 285
104 281
203 419
130 647
76 266
663 549
4 423
325 414
437 97
169 178
342 34
551 595
438 501
227 350
497 648
181 250
79 403
418 121
571 601
395 244
11 445
99 378
105 570
592 275
500 404
275 365
286 633
275 201
517 453
468 641
171 223
113 189
214 270
335 175
234 255
475 18
273 105
642 615
439 365
129 356
208 531
359 75
348 497
114 426
470 423
110 408
639 30
599 602
605 88
571 318
408 130
255 524
177 37
365 415
149 571
301 183
391 503
383 62
619 53
442 498
561 569
94 172
126 552
308 410
573 476
4 48
475 500
336 632
267 270
399 310
456 310
248 240
234 466
403 14
601 51
476 271
174 10
372 476
501 314
601 261
365 202
165 164
366 206
663 154
518 86
190 287
135 654
192 235
76 184
367 133
97 57
429 1
104 652
377 112
25 428
37 438
590 159
335 140
300 281
559 376
281 656
463 619
288 614
481 59
165 20
420 495
561 237
275 318
88 468
519 603
640 529
616 561
503 310
513 623
224 436
322 69
460 331
134 404
23 269
392 115
598 56
626 103
230 222
77 336
92 223
42 622
187 331
588 657
400 196
115 573
273 22
198 581
510 192
541 147
309 96
94 418
536 377
273 291
372 136
309 119
436 425
534 177
258 120
81 144
300 507
488 326
200 210
315 179
630 415
2 252
545 596
232 595
47 529
491 155
475 76
555 133
583 445
167 519
636 543
20 419
126 91
24 309
341 449
541 64
498 34
365 71
14 145
39 78
471 100
185 487
341 159
278 165
12 169
524 412
294 546
195 502
97 469
572 624
357 308
461 471
186 482
107 287
399 577
579 344
274 441
545 21
282 173
437 530
119 130
351 150
406 617
561 363
268 453
638 229
286 4
