893 2489
25 722
647 129
512 517
96 427
578 535
152 293
461 774
486 141
179 409
282 508
219 669
276 151
181 387
688 366
18 162
3 460
437 402
349 221
670 798
311 696
653 697
216 12
855 53
55 871
290 404
321 59
864 725
520 804
275 839
87 228
844 437
54 676
444 460
415 546
864 794
482 300
870 600
819 239
582 379
11 890
89 386
133 338
529 845
680 220
205 659
384 305
159 312
865 328
503 471
313 116
250 265
602 244
478 492
368 823
729 124
254 494
702 64
93 807
835 691
202 375
147 787
340 57
719 509
159 750
687 166
557 70
587 652
52 599
22 355
764 695
686 665
792 268
792 12
490 612
156 49
375 146
231 459
350 411
64 481
503 17
377 856
528 778
505 160
485 251
830 251
694 424
369 675
416 181
383 671
495 271
809 591
36 857
348 571
799 334
534 102
256 545
274 218
496 278
242 182
450 62
875 156
187 514
618 592
104 72
356 686
483 531
510 166
665 596
693 247
667 182
272 244
543 872
857 20
625 362
80 14
790 830
790 284
415 115
610 753
131 394
22 118
394 780
797 263
401 411
731 377
595 689
836 252
216 182
282 771
118 689
861 617
690 675
399 857
550 842
372 419
618 244
804 653
683 804
501 421
675 533
674 406
37 341
720 66
654 347
649 559
748 263
277 4
235 668
471 874
622 307
261 540
791 635
230 384
566 150
753 96
370 262
515 536
306 511
592 162
632 318
880 646
590 7
198 297
179 822
867 751
570 808
405 770
639 641
218 135
547 305
568 145
231 680
813 354
350 808
332 767
876 553
703 584
45 662
776 268
182 192
404 97
59 823
351 198
409 334
558 73
735 688
761 215
824 316
477 867
784 691
744 641
467 215
707 436
87 674
682 679
859 180
399 134
609 619
597 279
232 615
821 344
211 420
660 715
83 134
841 657
102 497
328 309
277 613
886 849
714 728
674 476
418 241
23 121
868 888
615 180
61 633
581 34
632 78
113 4
555 407
97 533
853 310
621 373
135 443
874 338
58 401
219 554
74 351
200 663
47 163
53 582
295 803
859 578
269 153
311 474
501 173
583 617
166 411
389 210
281 555
183 321
480 528
79 376
544 732
111 512
215 138
838 296
236 143
663 313
793 97
411 514
379 91
842 373
750 432
372 69
662 647
377 701
653 569
622 461
225 407
120 636
60 73
300 526
340 140
506 150
136 630
143 39
444 768
60 774
228 104
198 492
868 94
840 810
164 247
287 807
576 80
666 415
114 814
455 78
835 604
488 468
416 188
636 262
474 340
800 462
518 135
74 282
574 549
854 34
232 12
307 693
302 583
287 516
137 403
44 880
873 647
373 226
609 76
434 175
765 340
881 446
602 790
589 41
623 490
598 88
319 469
297 612
379 792
287 300
828 311
202 712
438 798
536 126
231 269
280 808
738 869
129 841
312 40
712 428
663 81
173 880
161 348
506 818
366 69
37 396
201 851
262 76
716 170
883 549
71 256
668 260
529 626
221 521
659 159
802 653
720 243
735 249
379 92
853 38
122 336
589 854
181 32
180 534
479 461
482 551
624 265
406 74
756 371
250 389
827 417
401 554
690 555
60 625
737 44
641 893
674 91
673 56
56 540
800 523
821 214
680 335
212 254
122 838
382 339
837 517
758 200
496 597
709 574
297 61
219 647
312 513
893 62
634 151
523 663
355 466
124 568
60 736
383 767
323 426
653 183
597 240
782 111
278 436
735 63
336 605
513 85
322 89
449 158
309 96
343 849
436 512
281 251
371 528
594 201
407 84
279 542
654 162
522 647
621 567
19 578
657 175
461 356
670 154
647 421
414 690
159 93
700 729
828 8
688 288
626 872
782 173
461 525
27 14
549 838
814 374
608 484
506 431
401 861
8 874
459 555
213 506
795 152
141 340
556 776
91 443
606 101
426 696
359 517
24 547
660 885
799 311
31 568
854 526
343 667
269 323
605 307
832 767
604 19
613 592
731 456
496 216
337 90
420 699
781 295
87 607
207 93
535 200
184 258
325 459
612 36
296 396
91 513
227 241
755 149
780 398
699 642
490 691
812 43
135 707
328 689
379 708
17 843
754 4
741 76
561 823
233 26
287 55
307 762
263 649
520 114
152 90
700 584
802 604
380 123
238 321
692 379
17 303
157 762
408 751
518 715
560 507
569 364
500 459
130 194
855 173
211 830
676 369
225 577
706 481
450 822
290 829
147 751
354 86
234 262
83 722
759 155
685 29
329 375
233 328
783 121
82 414
144 528
692 195
852 224
460 770
610 520
397 204
746 705
107 453
857 7
291 875
593 384
70 358
366 136
40 639
198 256
729 780
237 814
585 743
88 259
124 256
279 726
526 838
489 667
537 125
283 401
315 827
886 385
96 252
442 38
420 154
471 278
156 807
583 799
136 257
871 256
127 106
277 432
58 402
663 89
87 604
762 718
290 884
703 776
511 836
504 92
122 434
152 493
663 720
279 328
56 851
723 367
302 546
632 188
823 348
663 766
429 24
108 807
265 347
260 612
791 5
209 832
723 223
442 718
272 706
128 806
886 331
808 463
259 847
506 687
337 727
736 677
542 83
15 390
642 261
617 249
109 496
675 385
447 18
579 529
741 835
344 486
205 39
269 48
351 352
812 723
135 255
889 347
569 282
465 586
141 74
715 160
832 19
333 146
609 505
419 20
282 703
591 296
591 746
361 439
516 96
187 466
598 747
638 230
446 423
253 306
222 49
580 569
358 327
14 240
559 727
112 124
526 430
313 153
744 496
730 789
688 663
109 851
678 176
171 333
12 325
363 504
139 788
241 341
575 452
615 784
419 130
45 853
229 31
587 417
29 82
554 700
174 513
825 670
249 354
856 488
293 117
475 843
659 507
731 278
366 373
13 656
552 316
265 521
316 148
349 781
527 409
509 778
348 641
392 265
122 60
536 834
184 607
670 124
806 214
361 3
105 871
52 312
133 405
620 378
182 728
794 464
358 707
250 171
71 216
417 379
577 336
830 340
212 864
673 668
792 829
820 50
107 521
606 495
197 299
827 83
107 296
458 551
28 69
693 692
695 555
400 5
129 534
192 90
770 276
830 624
763 199
736 253
299 702
292 523
870 722
732 204
523 859
197 587
890 294
156 615
770 89
343 311
140 746
267 388
682 572
284 578
775 882
411 213
474 471
884 89
575 832
589 146
517 157
138 476
739 729
640 666
98 845
480 775
527 462
216 509
624 694
472 891
633 305
481 250
335 463
243 666
449 418
840 114
558 682
89 366
496 715
365 686
176 530
173 792
779 727
150 219
259 320
718 150
809 97
221 636
217 810
399 57
377 588
521 475
691 737
350 224
511 859
285 394
14 269
505 848
853 386
423 1
235 90
770 83
346 892
339 92
573 450
888 818
605 534
314 297
534 725
502 777
381 169
585 330
816 448
784 505
587 764
140 341
557 163
481 606
412 717
456 341
214 860
148 591
584 773
151 358
396 366
405 100
408 754
485 80
739 52
552 443
678 351
576 355
195 734
261 141
128 373
713 686
828 262
550 610
856 219
781 872
585 463
269 326
162 284
321 43
659 389
669 125
161 764
401 436
834 642
554 396
678 687
532 30
575 610
258 572
214 393
122 383
165 229
856 227
277 667
540 124
858 716
291 234
423 339
89 5
539 75
155 525
276 69
280 854
286 183
199 769
219 806
267 788
771 392
54 660
160 382
352 234
632 446
251 287
287 349
813 458
177 471
683 122
496 21
804 405
550 301
540 232
838 648
265 501
500 389
31 641
422 535
196 886
893 284
356 687
209 710
682 619
447 84
110 206
748 123
655 500
287 723
311 860
1 450
286 518
147 786
267 38
814 139
749 329
479 184
29 631
99 53
867 404
351 325
362 431
214 846
413 616
859 658
164 687
299 36
447 249
45 9
211 831
744 631
155 118
460 354
79 446
53 668
784 437
145 326
434 567
650 449
495 547
389 824
409 736
131 218
692 510
15 308
403 20
552 390
276 530
394 613
704 463
220 548
712 218
810 589
848 708
159 647
343 579
533 99
420 720
495 717
726 599
362 519
42 694
137 760
729 634
243 739
657 487
302 452
635 5
477 91
232 197
867 61
500 516
226 710
812 714
238 870
404 32
558 422
852 229
318 291
10 243
186 685
711 653
348 138
680 366
223 417
382 609
291 85
719 679
404 176
394 780
295 637
391 103
805 268
209 609
878 527
868 251
232 868
352 273
143 825
856 72
319 66
260 523
276 43
676 832
413 661
173 219
192 28
880 676
552 206
552 851
840 11
517 523
130 301
789 208
647 5
699 334
248 204
260 249
347 436
415 385
28 386
862 391
52 880
474 29
832 542
314 30
394 539
333 237
455 53
127 456
14 371
764 451
723 632
22 769
285 854
345 845
340 42
333 833
91 331
228 445
457 221
134 5
676 269
820 770
370 12
500 569
549 275
611 889
411 762
510 891
505 244
529 406
743 830
103 709
809 691
87 151
222 189
343 258
401 592
405 178
21 96
485 432
406 608
253 541
386 95
609 105
483 496
655 641
720 873
604 846
823 621
740 650
678 451
188 92
158 233
432 794
27 234
355 764
156 239
380 149
442 711
662 788
742 431
270 703
24 100
793 300
191 575
755 446
695 214
768 745
772 488
753 207
528 265
50 412
47 832
89 853
680 643
145 389
802 545
37 128
641 348
572 870
340 10
867 134
773 160
677 566
500 272
216 268
293 589
671 18
101 298
425 594
480 63
436 838
307 382
597 60
458 632
37 438
255 107
304 228
887 429
877 336
869 804
739 125
811 888
694 78
114 39
448 408
532 26
605 376
423 569
595 160
184 352
624 630
235 647
373 862
361 84
886 679
208 802
122 661
785 700
485 287
770 16
242 72
774 783
868 446
797 72
549 786
396 430
202 656
429 79
18 587
472 453
680 226
697 401
216 729
411 770
595 340
119 807
809 689
470 703
344 9
391 367
229 714
228 245
881 509
43 870
593 686
349 892
113 772
246 821
103 697
222 424
819 799
147 236
287 801
439 104
139 524
487 74
184 541
394 252
204 196
338 45
707 642
526 349
646 310
402 643
499 197
580 807
843 19
290 864
858 657
38 365
784 419
148 236
868 882
679 350
159 383
117 810
596 398
728 704
144 450
438 489
858 481
550 537
6 113
620 818
402 367
272 623
188 722
131 692
119 486
194 763
214 655
490 306
488 74
833 240
452 557
752 794
532 672
387 625
344 460
95 818
435 574
519 401
501 523
220 262
549 358
92 708
712 68
62 251
608 825
625 39
190 674
213 128
209 892
293 462
311 664
876 515
794 733
230 257
534 144
266 406
890 409
6 662
537 708
200 844
670 755
461 425
812 192
527 645
79 439
609 672
614 398
431 546
544 578
771 718
337 125
404 425
126 109
509 876
175 602
295 596
507 479
485 637
493 301
651 749
878 502
861 883
3 857
701 606
382 420
615 274
300 155
494 421
702 344
308 807
17 517
887 478
72 134
543 557
765 885
534 589
881 22
84 256
152 477
698 428
867 155
555 122
613 777
37 581
718 113
450 651
407 777
411 331
686 80
279 848
528 670
759 279
32 405
599 550
381 891
494 504
403 18
741 867
684 427
557 207
244 762
293 120
466 328
622 457
248 836
805 893
248 124
627 137
169 855
398 96
102 364
98 447
111 796
764 535
856 816
469 438
474 737
526 657
210 524
852 623
573 125
318 668
862 214
458 532
887 626
193 771
337 127
33 457
499 188
275 327
784 47
212 633
448 844
492 797
871 86
628 185
627 359
577 680
465 163
434 580
362 761
22 630
779 150
734 599
364 453
729 536
185 834
353 308
747 290
279 235
451 512
603 769
215 392
623 891
146 598
667 698
672 213
309 316
163 326
545 199
278 424
482 348
382 716
832 45
678 163
803 331
554 880
662 606
672 438
751 819
847 827
797 352
81 273
602 38
742 633
763 198
787 456
704 364
261 220
253 502
670 618
146 125
754 117
581 737
793 666
31 400
272 574
492 687
190 268
691 405
231 286
573 399
31 568
787 203
726 537
400 56
192 554
357 303
764 89
636 181
129 220
10 237
425 824
398 15
174 797
534 293
296 484
675 298
371 388
64 659
685 172
125 98
432 103
347 176
873 472
211 326
633 126
354 815
735 522
191 33
890 584
703 164
821 729
324 836
868 199
868 860
487 582
650 770
124 781
262 842
587 748
592 216
81 39
332 249
36 151
702 847
237 162
333 687
862 549
152 358
301 214
753 99
573 600
446 629
182 270
83 47
136 549
601 344
214 824
270 305
611 768
650 16
719 509
398 795
58 576
281 54
346 595
81 52
447 231
188 400
732 527
842 633
58 206
482 223
588 266
46 255
117 103
112 675
738 71
222 271
529 357
514 230
499 43
44 502
489 814
505 375
503 527
545 547
529 612
221 228
65 486
812 265
831 47
670 661
636 381
664 886
552 413
893 833
833 505
237 562
693 856
876 852
19 712
392 245
163 43
495 777
327 839
198 151
846 378
538 677
262 224
414 724
1 867
269 259
690 871
801 278
834 875
320 559
82 796
442 436
450 145
642 272
126 770
660 414
343 623
631 708
651 289
599 83
462 24
890 812
338 709
555 243
477 859
355 705
807 831
323 98
146 574
38 229
72 397
813 846
877 55
511 549
441 628
847 608
475 647
155 648
660 300
431 671
719 467
436 258
845 234
464 95
157 570
405 85
790 838
365 265
35 250
602 724
134 688
493 200
882 103
762 304
846 121
32 174
234 413
591 268
832 203
165 379
116 140
474 141
157 541
469 462
591 168
196 402
212 852
234 189
279 689
17 516
834 361
643 657
257 31
39 212
264 693
486 845
805 469
73 13
692 810
865 887
191 560
618 8
731 344
673 612
576 811
539 180
328 730
813 431
769 458
134 15
41 688
397 474
142 815
839 6
697 133
762 858
170 740
492 7
856 814
200 420
746 667
738 36
483 763
252 799
868 82
292 554
332 46
870 319
203 830
191 874
689 778
176 756
865 177
542 73
568 190
750 92
447 804
512 832
825 402
684 591
150 822
890 794
117 323
640 890
113 246
603 329
712 439
529 104
326 675
261 451
539 585
292 811
8 46
539 742
369 824
753 784
605 648
577 1
704 765
464 238
438 568
804 500
599 37
342 79
733 635
293 344
731 494
328 371
373 5
891 576
107 615
892 753
117 661
302 266
694 64
658 858
722 402
589 725
167 858
269 819
433 240
94 743
892 727
827 646
397 652
544 139
564 340
360 553
466 874
300 265
137 293
706 826
486 685
516 591
313 821
74 347
745 600
721 342
177 241
35 689
396 58
801 812
88 511
574 23
129 174
407 295
268 273
96 43
206 558
675 170
496 607
700 553
166 505
133 32
221 47
78 44
725 706
830 706
788 734
588 207
847 750
104 365
731 604
704 820
567 492
728 50
388 812
299 668
705 47
863 90
213 336
769 266
812 884
74 551
254 39
646 223
455 171
794 105
254 239
585 581
556 576
441 61
857 342
78 210
697 296
388 525
275 223
738 219
298 774
213 745
589 10
271 469
672 217
475 213
26 499
63 452
97 142
265 231
334 489
729 374
178 475
379 169
815 395
488 814
84 288
560 638
618 373
562 59
188 174
364 24
355 704
771 725
718 429
653 712
124 679
97 561
175 677
800 386
731 528
549 744
840 532
704 502
691 445
631 539
490 378
754 532
8 820
670 60
516 860
583 20
314 341
770 605
549 541
799 877
798 127
721 48
631 323
708 93
870 314
445 99
452 564
78 694
365 42
278 577
600 176
464 798
57 594
635 714
80 350
226 752
238 403
508 629
44 245
763 610
468 307
414 644
257 411
658 321
871 117
605 300
742 827
852 644
562 528
124 704
515 498
788 491
512 814
375 719
70 558
787 47
315 57
647 20
344 140
406 285
452 44
796 855
9 141
405 149
190 65
530 454
873 522
439 70
650 775
665 256
625 833
304 694
570 176
555 290
654 228
142 444
774 239
630 648
852 765
356 772
475 562
10 461
240 26
37 184
452 638
530 865
52 450
514 835
457 343
86 39
491 343
502 315
689 830
410 679
225 218
480 715
149 450
882 720
553 496
108 886
813 2
830 516
379 603
184 403
441 42
734 592
520 482
421 717
382 399
632 515
494 669
461 653
95 546
389 817
74 478
66 413
138 211
347 354
856 265
201 486
893 780
62 18
262 121
588 726
22 534
208 872
486 842
158 465
671 438
413 797
275 757
685 533
392 694
884 754
414 4
718 184
577 699
427 157
705 549
254 610
314 1
684 637
615 869
26 182
449 808
893 701
141 475
704 824
268 316
179 701
428 536
273 489
345 29
223 711
223 632
210 511
842 266
844 430
627 628
809 146
560 868
665 889
484 646
65 823
274 626
190 584
145 400
627 456
415 534
423 606
562 778
316 674
624 142
713 626
479 652
204 813
333 735
582 662
550 752
363 375
367 695
667 628
862 505
112 22
864 458
462 569
871 348
322 511
147 865
449 794
408 638
81 363
113 474
390 208
829 675
29 629
587 756
321 646
871 404
890 363
519 444
27 845
365 7
417 422
313 330
484 14
250 828
85 767
200 259
647 581
863 1
363 277
595 183
335 851
738 355
418 866
481 440
483 498
37 855
740 404
584 379
743 538
568 812
506 325
539 200
459 297
503 681
669 405
114 241
758 290
386 226
850 813
462 519
116 80
641 478
530 130
863 593
307 346
607 296
562 136
615 752
13 54
292 263
303 306
798 708
197 839
352 760
331 771
333 805
769 807
87 869
286 184
633 495
628 99
342 749
740 508
583 353
853 527
402 405
512 285
488 859
357 246
439 368
36 344
721 285
583 586
372 413
760 115
651 778
830 48
746 882
321 140
53 106
786 496
691 437
502 194
701 48
332 834
517 82
595 271
142 235
547 396
358 487
769 640
195 589
489 690
88 568
213 719
625 510
828 520
387 644
536 489
244 546
308 882
57 283
509 200
38 548
539 800
446 590
28 80
530 448
283 664
21 398
576 587
134 875
36 267
173 661
166 548
752 855
667 108
90 330
10 603
282 269
563 460
370 819
93 184
644 60
716 590
380 860
840 237
95 367
423 381
617 211
116 879
19 423
320 885
248 641
600 444
17 284
727 306
434 238
237 324
210 677
21 407
143 14
765 386
658 704
23 365
860 121
31 124
565 199
862 770
355 785
451 295
766 673
2 331
114 578
584 651
265 124
143 456
622 259
682 328
398 465
18 793
380 589
231 155
343 601
334 568
423 576
599 48
217 116
888 172
386 884
874 56
728 827
471 636
823 158
374 710
413 630
359 757
706 600
267 484
73 661
798 287
725 235
49 428
606 154
831 833
222 453
283 239
634 571
604 655
297 194
198 511
872 634
334 696
412 46
684 874
383 659
187 298
642 499
217 110
539 154
98 593
426 472
787 522
286 440
817 94
459 484
301 396
285 827
183 280
419 574
473 314
549 705
283 5
392 489
877 445
95 68
578 470
164 879
517 694
456 622
111 422
38 526
572 841
755 605
29 763
658 535
423 469
434 881
433 732
278 325
383 335
307 109
363 705
166 362
512 96
311 751
847 164
87 254
577 703
32 147
113 454
856 598
375 585
382 110
835 99
567 499
467 765
744 267
606 309
797 276
4 878
570 145
599 834
855 51
419 255
224 422
131 747
95 277
891 140
423 264
852 157
842 301
482 159
332 396
272 621
236 653
367 884
800 520
453 272
32 433
219 566
579 768
279 811
611 652
306 662
136 50
712 621
721 446
52 755
313 500
214 209
85 610
887 23
241 367
142 781
807 85
489 229
201 748
347 438
526 489
231 506
794 584
322 778
369 149
213 664
124 597
543 192
676 612
153 107
795 157
416 807
29 880
402 52
733 605
186 735
533 763
262 347
337 646
756 479
540 666
875 22
410 406
386 437
206 447
561 240
706 736
478 292
140 317
347 561
130 863
502 733
831 781
710 677
833 565
612 662
505 62
841 438
159 784
779 147
355 291
258 197
80 389
791 811
359 170
362 435
796 243
891 646
738 194
774 869
158 699
42 174
207 615
6 695
685 762
33 510
44 787
492 268
379 804
702 283
533 117
172 537
802 530
314 843
712 860
658 600
788 437
537 241
830 338
657 316
394 719
295 586
783 134
103 137
644 263
766 92
556 4
217 150
132 836
130 534
706 276
721 345
231 378
502 148
816 112
352 892
697 187
32 159
387 521
318 831
430 567
681 617
18 541
634 503
722 750
376 606
114 256
696 500
226 47
581 504
196 557
156 193
666 177
131 95
329 640
780 595
526 709
728 179
602 162
302 849
492 467
380 769
275 888
360 193
236 490
402 388
421 20
867 62
586 847
754 430
889 441
802 602
398 365
753 773
357 135
15 354
495 425
528 115
850 606
16 866
788 217
867 341
296 395
93 438
434 146
460 80
132 452
506 29
344 263
48 327
791 793
159 709
518 556
5 561
244 569
45 321
302 430
4 151
507 834
769 803
840 431
506 762
143 106
468 485
783 149
635 864
192 235
552 419
317 843
524 505
20 708
353 715
464 289
65 22
784 77
746 828
620 734
459 22
523 888
334 498
673 548
577 217
29 169
247 868
413 503
283 630
252 551
225 259
131 388
225 58
208 51
203 651
320 553
481 855
718 868
792 118
189 432
743 530
383 347
221 511
379 755
327 844
129 684
164 94
744 8
741 394
259 476
893 242
137 346
4 364
823 214
509 189
148 662
127 233
133 521
356 270
643 515
448 234
244 121
161 664
63 196
477 500
33 807
269 456
435 744
599 709
42 88
536 277
101 448
166 751
448 438
68 123
883 523
781 678
528 869
613 555
395 150
538 841
22 183
146 454
595 275
446 250
176 488
282 679
231 484
298 864
133 819
562 211
150 835
184 227
161 306
506 665
747 140
38 12
753 568
722 717
74 35
206 661
376 513
114 239
732 306
257 87
62 119
578 263
67 665
694 413
739 842
103 422
152 180
666 142
643 646
722 62
213 382
327 788
401 71
49 27
846 540
435 815
123 217
865 166
495 119
740 200
197 559
335 782
392 400
745 605
669 189
55 828
388 70
22 301
2 681
106 55
620 630
246 269
492 5
273 593
3 829
225 779
317 691
549 550
757 204
135 738
440 600
49 575
227 528
576 861
256 193
385 658
598 616
625 473
591 557
532 315
389 206
70 496
687 114
70 632
298 158
479 380
