1000 3158
584 344
473 400
720 856
181 790
670 37
144 77
345 850
619 1000
460 14
343 927
951 551
114 549
256 863
103 821
172 67
520 166
328 729
324 332
120 684
541 105
381 821
879 793
540 980
672 693
977 558
438 795
942 89
760 941
298 190
195 586
838 444
54 837
212 293
792 220
373 300
591 397
254 402
309 187
717 983
120 526
853 537
329 146
292 753
643 823
749 855
391 7
626 194
150 835
496 913
358 396
144 972
94 405
118 271
512 432
321 829
208 623
503 101
759 155
723 437
113 285
382 203
45 557
988 713
204 755
901 173
527 602
935 873
408 311
759 290
270 889
121 221
343 54
81 714
325 122
904 520
159 557
218 317
158 939
855 464
647 603
315 676
466 865
200 646
21 168
769 539
879 217
621 56
390 869
867 562
10 416
988 236
160 220
85 403
818 555
937 827
211 431
665 670
626 947
400 662
660 453
244 714
314 659
3 60
552 975
429 280
76 791
784 586
586 254
619 907
617 388
766 916
44 913
548 652
3 822
209 687
400 650
656 185
509 340
195 372
204 410
656 843
1 823
283 526
291 847
270 352
872 352
366 763
650 871
614 510
287 1
995 673
794 933
169 747
755 352
491 382
189 779
884 803
577 932
481 939
635 508
762 650
258 857
223 649
7 589
997 227
267 711
765 930
641 91
862 788
842 625
544 688
227 258
100 945
305 718
394 479
41 778
283 114
291 669
593 645
961 945
595 68
938 825
229 978
595 664
82 823
462 585
807 599
641 157
325 269
439 176
144 929
472 373
77 287
685 994
351 174
778 784
597 266
384 923
583 55
9 659
779 484
607 306
833 186
831 114
680 44
106 67
944 506
603 478
644 552
44 901
836 734
883 856
341 542
47 374
881 100
525 704
473 593
4 494
82 438
587 765
771 175
904 629
483 393
157 350
714 558
852 189
516 295
496 158
494 890
223 991
232 288
238 32
61 684
500 239
643 908
919 959
146 27
885 203
637 574
707 969
673 420
799 695
313 275
667 154
408 206
51 192
620 196
185 648
245 801
638 542
461 616
143 717
566 221
868 917
296 866
269 660
31 47
609 294
394 107
156 124
573 213
12 52
403 467
164 292
729 630
122 921
152 241
2 227
621 349
598 856
630 898
439 624
901 573
952 134
551 182
850 753
649 755
304 368
564 422
157 244
418 137
239 895
607 452
752 795
227 372
108 623
724 706
622 954
583 719
981 847
105 445
100 130
805 876
914 61
474 75
899 262
289 615
701 93
568 884
264 778
900 170
85 803
19 5
387 423
743 139
994 500
326 878
962 40
235 379
177 653
622 508
915 806
526 406
268 572
879 47
734 110
433 543
267 662
681 881
793 536
175 514
916 603
805 948
202 310
680 376
593 372
929 216
787 992
694 128
961 159
678 984
277 73
630 200
89 380
362 815
599 839
799 876
394 607
279 78
784 831
91 112
78 602
947 450
167 628
482 358
708 537
91 126
112 545
19 816
217 251
689 135
482 993
976 722
943 564
389 168
683 183
303 290
284 451
147 590
651 279
95 5
663 812
527 276
247 510
211 533
653 225
665 968
428 567
824 809
134 761
880 100
7 233
953 714
588 6
833 791
991 488
286 467
30 801
300 994
529 23
209 244
189 87
392 857
324 316
881 725
94 902
929 815
775 2
822 163
449 101
851 14
438 838
502 292
114 8
463 705
704 91
343 1
533 522
435 668
632 423
622 715
40 741
829 767
363 675
899 456
577 259
337 559
827 431
194 797
2 24
748 463
116 831
87 324
37 111
450 721
324 540
913 856
405 14
777 373
880 752
923 340
381 794
238 541
444 803
925 380
995 820
744 73
287 6
309 15
46 146
628 595
452 311
237 540
142 301
478 438
608 735
557 383
746 227
879 507
33 624
77 500
435 638
698 378
970 142
519 715
792 736
74 88
47 799
824 448
479 56
179 744
638 30
348 50
123 122
196 28
714 44
941 348
408 294
271 632
571 235
310 80
690 994
976 275
618 640
878 728
107 450
682 777
576 516
575 321
962 727
104 497
940 69
23 310
61 174
574 192
39 578
666 36
305 50
411 249
270 169
768 749
202 592
590 10
8 498
624 78
206 542
47 795
897 767
249 480
802 132
561 538
380 989
288 418
628 137
402 663
548 679
2 407
651 705
523 513
521 467
144 829
547 439
167 216
678 414
572 711
159 462
702 143
439 892
736 274
115 950
677 643
405 492
183 138
992 185
972 342
283 731
921 577
538 781
843 457
553 217
408 429
353 916
157 77
159 490
921 741
887 272
310 188
147 221
862 489
708 910
811 396
39 503
587 113
905 970
458 415
725 285
760 980
919 511
570 416
503 888
962 734
690 666
360 470
430 237
748 467
5 206
565 347
209 70
161 821
338 620
526 479
62 215
590 993
914 31
575 836
693 838
955 141
688 453
138 894
462 225
290 50
139 936
558 745
483 589
743 683
418 772
273 182
80 31
105 755
144 77
532 82
102 889
964 61
433 464
584 88
912 175
26 546
910 550
495 876
266 360
500 210
751 387
575 519
612 4
194 672
981 904
925 119
629 639
528 877
825 906
150 39
284 11
704 151
611 551
861 933
108 527
461 629
556 748
459 552
691 357
979 75
491 991
759 697
701 724
757 490
404 463
307 648
540 734
339 420
474 733
67 880
74 361
938 910
509 848
378 384
233 701
233 931
997 416
967 270
735 887
156 758
108 671
43 536
947 456
667 460
807 113
424 805
50 874
471 202
152 809
117 96
934 818
449 963
184 759
379 858
651 65
276 621
590 301
790 584
653 834
338 510
756 582
404 871
51 889
693 23
163 982
18 154
428 824
29 592
856 120
437 759
31 351
159 693
932 405
145 281
403 720
826 116
820 516
197 382
509 718
965 188
727 988
796 74
385 956
684 270
729 506
192 745
762 275
260 527
527 860
543 678
296 536
320 445
521 103
401 10
461 170
193 540
690 420
273 526
542 880
314 939
984 102
664 314
649 550
966 583
31 992
217 98
573 194
351 311
549 1000
978 862
851 690
147 667
633 458
567 335
604 89
87 1
313 83
233 82
201 658
424 869
174 838
844 907
762 222
22 489
660 508
192 960
683 41
892 813
380 545
650 214
337 522
851 654
882 304
883 13
695 12
995 518
145 601
200 355
478 903
317 711
277 268
150 379
434 139
543 327
878 859
320 997
773 34
69 487
966 519
18 366
373 95
402 640
526 891
587 138
435 211
119 586
946 139
245 472
449 576
188 547
872 493
613 482
169 903
150 704
994 872
694 378
763 131
304 913
352 316
93 650
641 297
543 296
671 18
37 698
324 605
881 355
961 970
402 910
711 298
179 772
616 511
476 430
562 447
872 655
657 704
755 446
273 272
982 493
375 715
725 683
42 355
216 619
200 664
119 631
157 848
684 398
869 818
224 821
999 507
950 75
173 34
291 910
119 207
991 947
290 669
139 106
420 379
546 234
475 1
813 370
530 988
243 864
823 11
558 149
903 613
392 688
440 615
216 992
658 450
531 534
335 912
482 554
408 68
189 825
840 488
394 598
41 168
454 94
895 859
222 518
249 936
48 49
335 991
568 331
199 395
79 978
794 916
880 658
985 921
743 240
557 321
363 300
848 183
286 936
918 608
537 822
715 907
423 717
133 940
965 239
832 932
685 422
321 522
179 641
331 665
606 91
101 23
546 428
667 241
71 465
108 660
484 821
233 775
624 833
408 850
895 544
101 311
991 45
958 657
708 737
991 309
477 179
410 861
818 82
6 7
177 899
236 333
800 652
426 384
603 80
92 97
969 851
736 93
598 903
747 650
481 529
770 130
692 396
725 403
479 920
312 673
182 525
875 853
430 721
637 329
777 753
764 999
144 714
157 87
818 69
408 617
439 86
671 368
573 421
257 701
140 955
299 460
424 462
84 547
201 325
990 287
504 64
206 678
270 76
310 541
827 381
415 41
444 667
813 619
209 619
305 798
685 679
26 401
347 99
336 446
784 786
507 313
57 429
414 666
363 538
614 270
598 160
503 797
59 826
963 16
114 179
302 553
55 586
412 581
311 562
928 23
905 356
15 842
952 520
572 145
321 851
658 818
387 773
512 488
551 529
878 59
499 176
823 722
918 494
283 390
119 956
989 87
539 34
596 871
472 749
194 755
80 549
910 170
586 507
652 102
561 375
354 805
452 6
860 434
272 611
968 197
197 733
87 119
48 438
556 842
323 572
288 25
233 574
504 809
542 212
670 848
353 204
795 569
163 490
644 664
649 187
295 498
720 407
883 245
520 477
284 180
441 750
719 480
268 22
191 657
495 987
410 101
407 512
847 780
664 624
541 147
779 242
525 51
726 244
841 352
388 419
31 453
213 420
832 711
162 930
226 90
343 632
665 279
117 432
84 701
17 422
718 491
973 184
51 821
965 956
388 389
240 969
589 969
198 932
705 390
396 531
968 948
163 912
348 965
333 695
353 242
166 482
133 546
857 18
217 663
798 645
29 420
772 309
228 847
995 668
212 406
786 133
564 4
632 116
991 107
725 500
349 456
690 149
450 471
514 860
617 797
297 490
729 830
501 753
105 471
621 862
570 209
372 318
126 458
31 781
152 184
767 224
700 527
606 830
892 301
149 25
409 436
330 545
297 259
499 640
941 545
837 303
841 112
76 240
630 942
418 807
173 274
921 585
587 400
801 582
616 457
107 604
897 151
408 339
347 753
708 197
111 830
685 598
611 900
173 270
283 5
353 482
999 774
599 988
967 779
351 846
708 114
392 417
640 145
693 212
735 518
794 759
635 212
376 416
635 607
300 692
484 510
175 14
22 868
429 402
139 502
723 583
425 211
101 180
478 123
373 935
125 524
485 379
429 29
956 685
857 126
984 935
641 264
88 422
912 521
806 576
111 191
703 303
750 167
459 603
688 643
598 745
722 449
477 952
791 22
942 241
825 563
510 121
742 593
338 985
466 237
489 504
202 593
357 748
916 756
46 715
672 240
621 295
162 701
728 884
417 229
53 822
28 233
904 174
520 505
749 483
303 521
237 390
833 447
711 643
692 677
268 400
133 972
973 385
468 582
176 555
794 833
977 528
655 524
757 70
181 647
285 8
558 857
385 595
600 156
58 312
915 721
999 531
566 552
407 67
762 636
504 297
873 271
415 556
890 657
363 750
99 325
121 690
644 402
747 74
397 880
722 176
966 12
146 581
306 930
781 758
73 491
505 597
666 217
294 666
300 566
853 322
695 345
304 48
677 413
158 572
210 34
867 790
924 685
798 36
686 815
987 184
932 856
572 488
14 101
362 621
628 956
690 454
371 930
256 733
10 292
815 17
866 526
535 480
351 110
477 615
901 479
933 148
122 480
387 951
994 59
915 557
83 346
675 605
724 728
126 887
152 485
640 336
778 405
282 569
362 521
546 329
27 70
93 631
958 712
793 479
475 297
672 958
882 4
603 437
736 888
846 790
207 747
772 719
208 258
975 953
951 941
978 916
674 316
567 263
653 310
626 836
77 471
402 884
701 643
43 461
584 638
624 127
512 950
283 820
3 916
964 60
891 636
397 363
611 13
685 732
408 182
70 391
831 82
601 590
878 712
15 916
264 634
668 805
466 245
601 224
817 15
888 249
753 879
977 314
973 430
761 943
208 326
130 129
712 120
698 686
301 893
967 211
988 667
645 444
56 99
128 1000
497 939
551 575
989 972
317 683
735 648
845 281
65 89
422 445
33 820
926 136
224 283
23 524
37 537
972 294
504 118
36 554
234 174
655 517
948 342
803 685
865 295
668 49
60 246
543 935
913 751
909 403
135 335
214 730
439 568
730 418
969 978
218 541
188 619
821 654
276 755
638 268
704 734
670 310
491 140
917 227
122 828
940 216
839 445
450 461
107 211
951 77
354 901
799 564
27 434
766 202
565 543
712 977
467 564
872 444
754 664
537 350
378 678
995 479
3 276
261 22
724 207
103 387
538 569
317 598
286 133
831 438
158 1
341 269
339 804
776 523
621 77
331 58
477 102
16 974
947 797
105 523
498 156
901 505
961 53
303 528
928 285
309 211
930 355
28 818
551 911
394 719
230 519
735 358
27 329
693 142
25 440
904 248
193 446
751 22
600 677
977 740
282 574
328 140
268 668
166 310
138 33
433 37
332 901
637 594
117 236
537 93
56 228
343 883
422 517
701 660
107 675
247 486
873 615
503 18
821 236
249 778
706 237
913 839
126 745
699 545
686 538
534 655
109 540
817 684
553 748
77 864
614 493
761 229
846 286
636 374
73 585
973 58
714 610
46 369
508 237
653 693
195 146
372 850
780 362
319 602
251 709
381 849
384 977
651 388
950 910
260 578
345 464
212 605
510 126
233 354
499 10
775 803
719 833
44 771
352 72
976 119
113 923
327 994
439 123
298 721
882 487
900 304
96 219
542 859
504 500
236 430
733 314
790 652
68 648
744 573
7 78
597 983
556 991
474 254
840 601
235 643
208 664
326 42
3 245
913 761
698 191
525 233
233 733
553 218
567 991
130 762
427 665
166 343
63 604
366 479
436 177
987 194
40 612
333 566
711 813
315 681
649 966
829 308
651 242
510 791
984 551
500 787
929 824
239 335
44 887
839 173
155 472
280 422
503 875
499 301
681 746
785 656
657 407
381 687
456 749
52 724
859 161
586 813
292 690
697 714
19 573
841 418
567 928
377 628
621 758
610 492
999 922
675 747
231 557
697 658
865 944
576 888
522 818
642 520
696 720
381 280
851 740
200 861
8 810
149 885
142 347
896 511
517 91
509 18
441 936
369 810
366 696
825 56
473 803
988 362
430 605
540 168
854 690
310 316
392 310
100 286
643 700
583 878
226 230
567 699
93 394
872 962
232 564
464 463
933 869
65 468
315 389
28 873
572 193
210 25
644 341
118 223
301 62
663 532
255 481
522 254
379 530
748 410
531 363
453 645
154 193
9 841
950 771
983 4
382 880
224 636
922 230
400 234
926 469
959 58
524 726
430 113
528 16
911 104
492 986
185 261
892 31
789 654
623 71
656 348
715 800
479 639
309 102
511 991
182 200
945 495
234 509
106 327
261 542
802 299
370 109
243 180
679 470
63 442
282 824
970 18
330 262
592 489
809 758
256 665
909 322
404 267
66 693
741 455
930 801
867 271
149 549
407 802
809 856
503 46
337 669
671 481
329 221
502 576
756 136
919 638
201 217
601 949
174 914
935 470
771 30
142 65
642 942
354 10
358 789
647 670
801 764
720 96
820 194
217 513
438 188
265 619
424 288
980 131
348 792
889 518
72 478
588 781
301 854
791 333
870 242
45 552
276 608
977 208
76 281
571 247
195 151
308 135
784 281
904 111
447 519
890 757
480 218
712 904
464 708
198 240
924 910
632 486
133 996
711 379
53 926
491 437
352 563
377 198
312 913
630 796
277 878
507 635
441 421
159 473
964 554
279 712
354 929
934 902
327 208
83 274
734 138
187 294
535 87
932 230
520 435
372 996
194 505
911 682
158 888
924 447
7 36
644 26
576 147
773 660
952 438
760 648
156 606
711 100
712 585
802 664
594 338
525 307
613 465
89 771
40 898
451 860
23 985
120 35
238 336
327 542
493 995
896 660
37 219
784 48
70 23
462 496
343 778
24 755
379 363
448 878
838 56
513 65
798 336
9 579
50 891
100 668
272 922
84 849
626 15
210 289
801 941
755 707
25 981
916 795
40 324
544 384
915 151
327 583
530 556
792 342
44 776
487 900
871 258
454 796
136 686
187 503
331 821
713 608
756 702
429 533
117 890
473 610
701 8
765 986
947 755
938 892
30 435
805 691
661 186
500 599
821 316
757 579
501 278
922 181
65 867
66 820
557 110
244 488
688 947
465 521
511 161
630 248
679 845
686 855
427 994
208 922
727 191
5 225
765 635
802 103
911 956
514 227
449 611
131 372
659 176
531 218
217 667
807 424
76 686
435 765
844 237
835 984
461 740
834 903
192 810
442 224
427 949
481 791
362 922
645 561
650 992
509 756
349 532
900 43
570 840
51 452
172 104
555 932
712 652
16 259
446 892
469 300
430 154
277 568
560 370
132 538
408 119
632 467
473 157
790 97
929 115
198 767
221 521
284 296
462 469
423 717
870 293
877 550
657 709
239 388
131 442
487 314
642 899
368 184
817 359
917 672
547 57
237 903
483 753
46 216
848 170
416 522
542 810
471 138
257 215
604 573
673 881
532 952
15 284
443 345
126 409
820 663
421 794
356 670
369 961
755 173
629 686
340 927
530 327
260 546
901 25
349 652
938 390
842 836
868 255
590 428
243 332
87 799
302 108
855 184
544 683
995 477
398 303
716 795
646 505
325 609
715 160
549 514
617 332
666 62
834 536
246 792
145 784
254 552
640 620
337 27
80 890
236 201
798 541
829 108
894 134
612 812
545 32
667 135
877 82
939 523
295 51
531 342
913 526
283 875
596 399
655 785
52 187
713 777
214 664
171 18
267 511
366 478
907 112
143 793
228 827
169 246
78 770
244 656
928 515
392 147
734 58
475 527
563 388
142 695
752 352
793 694
572 804
970 574
565 728
307 546
168 107
175 513
377 564
771 98
413 519
583 514
965 995
247 781
944 860
560 97
123 597
835 220
658 492
422 424
379 107
581 443
137 605
442 78
685 507
936 258
550 67
749 803
485 754
301 798
975 996
763 989
211 631
719 59
694 552
174 628
307 775
812 152
393 278
572 184
357 267
319 782
967 445
454 599
824 138
234 961
779 345
561 352
14 660
26 92
322 920
612 23
408 677
707 628
476 127
948 439
816 913
992 369
424 478
904 142
183 480
433 531
987 768
634 117
771 94
309 4
264 293
971 632
153 281
180 917
624 211
922 228
593 987
574 499
608 945
696 374
192 416
134 964
347 894
434 631
389 127
323 678
128 631
102 702
294 943
290 600
284 638
413 72
892 649
250 201
831 193
282 380
266 299
461 504
890 221
452 405
199 759
530 622
57 186
302 503
317 657
225 866
181 284
399 213
19 700
911 519
763 180
839 427
615 46
769 705
207 780
230 479
214 662
533 28
834 400
433 436
686 682
885 13
843 482
789 881
405 839
342 133
813 717
926 783
499 483
551 939
266 194
778 203
842 814
968 97
399 153
446 69
818 204
694 5
125 653
146 305
969 688
440 559
285 330
581 988
673 954
65 349
361 453
495 329
347 338
708 548
899 196
159 442
528 166
507 38
336 438
897 588
923 640
398 453
315 332
538 232
989 221
607 384
631 672
279 595
298 152
685 267
562 734
308 122
702 91
190 568
666 697
890 444
787 591
443 167
244 95
263 802
402 966
393 660
298 480
115 13
705 213
75 564
421 120
550 740
903 654
456 746
306 723
797 724
571 693
480 290
49 279
573 252
363 922
366 29
309 734
139 552
792 234
570 335
486 416
199 453
89 829
927 732
802 614
213 156
241 293
355 877
538 128
557 193
369 629
244 462
409 75
665 452
498 377
218 766
365 658
902 115
579 475
402 420
915 510
587 985
988 762
571 162
825 909
34 744
54 294
411 793
955 33
808 899
402 841
404 751
537 538
74 483
154 70
572 66
645 802
192 425
338 80
524 828
339 180
884 242
839 669
874 161
498 762
86 57
215 513
113 922
978 115
147 9
69 353
259 147
88 566
556 364
138 807
297 931
404 670
444 372
664 725
677 818
491 634
401 812
945 749
617 104
589 274
743 1
708 504
11 895
227 282
511 274
528 469
875 574
357 679
697 275
328 31
234 866
516 391
133 945
516 320
532 617
942 734
494 496
669 426
420 386
394 407
594 586
218 498
631 249
948 327
446 832
999 586
259 289
78 844
789 165
324 783
889 684
828 516
655 757
992 911
813 835
17 897
515 994
302 892
530 800
482 11
976 157
860 803
56 743
842 295
543 754
857 456
510 133
765 565
747 468
467 744
31 820
692 126
11 716
967 940
684 21
298 679
396 882
550 214
753 303
545 386
947 411
16 941
819 691
2 670
714 927
129 990
116 964
397 401
905 990
372 289
932 803
981 85
462 742
758 164
88 990
44 253
122 905
690 995
605 541
799 660
875 399
567 377
496 774
267 757
6 103
471 288
624 838
985 817
725 120
595 154
132 184
216 50
390 230
742 30
434 855
832 71
881 750
508 459
752 42
633 979
313 168
854 302
741 504
174 832
671 541
969 546
308 550
489 186
245 184
24 320
191 685
242 22
707 488
409 178
667 585
963 980
562 810
979 671
810 849
573 276
887 121
62 784
590 125
809 818
130 561
91 650
316 703
728 65
512 123
271 430
67 506
831 292
862 714
925 352
38 337
708 790
843 762
965 245
689 29
119 159
983 75
624 27
202 193
853 298
12 655
675 627
79 354
438 128
962 174
630 136
596 277
446 463
557 814
559 807
825 262
452 93
473 791
989 975
287 548
980 875
549 307
917 548
815 906
544 951
189 334
832 816
907 782
904 288
983 296
459 467
268 683
451 126
689 926
217 115
326 628
391 433
382 292
10 615
763 129
503 729
558 55
879 545
306 612
485 85
848 949
881 334
438 343
358 337
789 709
886 784
700 683
283 777
853 901
627 282
820 356
177 607
240 947
127 443
238 6
717 152
545 505
634 545
196 377
472 222
733 107
49 109
925 448
275 650
462 145
180 668
368 874
820 383
205 235
938 976
255 734
520 173
349 169
554 413
138 738
707 364
185 286
173 400
188 429
614 256
301 589
703 798
178 134
946 845
370 120
215 766
472 735
264 108
923 260
679 191
828 853
761 308
212 405
464 566
956 248
535 816
269 815
837 859
124 707
906 181
942 283
472 108
185 861
230 74
12 719
741 372
97 72
590 196
611 613
714 648
548 789
627 325
736 563
801 657
887 489
812 799
923 730
280 47
711 115
627 859
276 589
483 546
233 133
899 942
101 471
811 38
590 634
410 970
419 247
326 3
525 806
99 413
337 457
489 422
584 123
107 730
961 792
234 189
842 763
308 510
449 115
225 842
200 991
570 408
127 262
355 914
77 69
968 678
487 215
665 408
417 441
558 918
996 199
104 373
61 728
539 467
290 107
422 465
282 587
555 657
486 707
101 678
840 862
199 209
992 47
883 747
923 867
96 834
313 917
837 285
178 603
685 75
184 352
33 766
820 224
606 878
486 272
664 893
218 794
812 453
473 773
772 698
522 655
728 811
108 358
919 763
892 475
320 920
595 608
619 803
41 196
609 714
676 693
631 860
629 93
2 115
825 466
928 610
704 164
440 966
520 282
156 1000
973 932
990 165
411 48
588 554
38 349
711 750
880 232
92 517
938 811
539 41
907 662
373 611
94 70
127 89
675 589
943 639
403 926
461 85
516 63
287 486
519 455
788 195
227 69
921 700
135 925
290 929
517 485
944 932
415 506
647 489
885 398
466 506
570 340
777 623
968 710
668 741
968 99
797 737
566 303
636 992
61 298
542 6
518 12
860 104
604 666
932 789
937 194
212 844
304 509
43 37
773 518
302 580
171 666
315 454
580 269
757 631
137 50
800 87
500 501
734 720
501 59
983 737
540 429
115 175
265 435
216 464
57 108
1000 497
874 903
513 685
143 531
898 318
236 636
416 81
868 442
725 998
198 72
963 808
911 754
868 652
55 158
757 368
624 155
39 315
191 992
282 843
731 155
221 818
862 795
365 419
449 796
758 918
546 93
535 312
245 754
50 149
745 549
764 90
773 281
711 197
761 685
935 113
956 937
78 451
619 67
687 96
373 357
559 446
68 792
353 35
405 697
434 608
966 465
219 568
85 737
751 599
157 824
508 484
833 890
380 983
724 263
447 890
379 229
88 173
631 20
912 394
291 941
895 866
132 878
987 621
442 261
965 267
300 268
511 526
907 219
465 139
511 144
790 275
543 8
109 695
752 339
695 46
383 61
892 923
179 872
945 720
616 823
758 440
267 729
755 20
277 412
354 191
733 504
548 96
592 853
293 63
664 339
170 421
744 160
928 821
105 5
66 505
822 536
975 386
392 856
59 565
107 774
604 907
153 529
209 486
48 901
170 521
677 153
233 350
365 740
587 71
332 218
210 681
643 967
446 410
107 619
170 801
402 227
321 767
439 253
732 337
844 543
921 469
634 938
802 810
740 796
9 555
39 366
170 800
952 24
98 294
47 529
907 404
329 150
170 633
141 544
623 263
484 907
785 760
71 839
788 895
517 374
845 857
497 663
575 877
247 423
623 695
75 898
629 923
492 434
570 907
428 235
123 512
689 646
700 538
379 698
178 931
361 503
89 969
630 75
801 881
268 998
917 349
431 290
512 723
480 906
112 707
823 430
947 234
160 992
169 769
571 525
415 209
340 935
923 856
262 281
82 100
919 979
427 195
891 174
795 454
885 699
484 527
74 832
472 179
199 284
111 608
870 285
13 207
595 60
848 471
182 284
201 887
953 394
28 622
570 193
864 268
102 54
8 306
629 439
174 513
739 562
921 552
261 811
861 190
938 312
84 609
935 789
367 228
53 408
978 408
167 165
46 559
326 312
265 144
775 715
642 271
940 576
599 732
901 949
229 900
675 149
71 505
824 176
431 607
242 537
119 420
882 504
47 903
18 259
74 643
979 847
978 911
479 992
721 348
226 753
727 373
330 148
746 465
14 936
418 11
187 738
458 217
533 623
834 53
665 172
870 164
80 988
920 279
122 375
675 348
692 79
51 263
99 43
518 735
825 277
929 202
333 565
438 406
389 362
950 670
733 325
69 240
157 706
701 220
305 692
677 61
812 298
525 316
911 823
348 317
518 909
775 172
18 971
61 769
586 712
905 359
84 28
653 498
916 114
663 641
897 655
774 362
54 990
124 857
800 651
134 825
155 195
911 7
831 954
456 351
276 207
375 408
582 618
452 13
393 910
882 302
957 908
515 566
57 403
518 300
318 254
285 776
177 850
147 209
76 273
833 49
474 306
167 363
621 673
676 798
994 133
42 317
157 202
886 216
630 452
970 391
600 469
352 76
782 553
441 98
576 770
788 470
743 802
646 18
805 136
740 360
809 441
317 827
234 354
483 144
792 162
766 894
943 48
761 254
171 661
631 971
376 775
805 419
214 256
45 287
200 13
125 913
594 104
871 821
353 73
44 590
600 393
936 513
732 931
30 790
244 397
619 861
206 769
211 519
736 202
889 133
320 97
233 952
469 169
30 930
990 609
458 532
430 318
901 146
195 335
427 818
656 124
558 101
432 653
314 79
813 288
512 585
132 800
140 952
941 860
800 498
751 321
66 960
952 95
557 84
810 719
567 975
670 652
340 480
915 793
424 377
454 662
308 561
660 273
709 643
396 269
256 489
9 657
187 630
923 882
153 582
306 159
961 736
214 526
17 963
924 253
355 864
550 830
213 314
248 392
14 869
481 740
470 274
708 128
729 254
925 765
846 66
523 781
157 999
688 961
547 154
962 743
618 689
67 159
27 345
389 157
270 388
567 2
399 865
978 592
919 312
192 144
625 496
960 562
63 652
841 945
126 859
623 804
781 922
605 559
887 639
822 36
603 54
536 623
674 736
768 834
520 72
185 631
148 622
460 15
820 205
237 38
671 853
318 712
321 143
818 570
433 834
518 848
950 516
969 351
315 251
887 138
483 899
811 171
196 944
969 423
367 967
536 173
40 529
974 749
785 487
965 971
546 918
548 816
37 700
364 831
304 416
737 717
623 188
624 389
704 230
432 444
134 839
204 436
612 202
523 4
425 516
371 797
780 495
337 717
176 621
328 648
743 765
564 349
333 394
799 181
311 866
283 644
825 581
679 849
579 97
145 375
18 579
159 655
542 808
294 690
554 60
201 627
17 997
596 32
518 116
232 155
820 731
550 83
271 376
601 305
6 649
421 491
114 211
514 470
785 130
508 316
611 557
402 818
515 550
885 442
336 788
182 798
813 93
776 894
300 271
228 110
378 444
697 600
334 632
623 847
705 228
804 339
304 710
666 961
107 376
607 736
986 892
965 937
594 191
691 315
733 505
747 629
915 747
658 499
791 106
73 285
684 644
693 844
855 577
770 931
399 864
927 671
991 444
148 651
583 90
407 63
362 987
738 897
709 810
34 373
250 796
951 229
638 756
808 763
181 992
937 100
328 956
944 925
717 902
332 86
702 597
898 158
189 553
424 365
772 562
845 454
592 143
949 837
583 647
55 709
772 226
660 661
208 75
571 859
33 121
348 822
970 149
