1000 3686
248 774
514 460
734 803
468 852
805 188
267 952
261 701
144 888
161 451
447 445
485 47
153 216
154 186
358 994
372 204
908 783
726 94
336 663
48 195
922 164
340 752
206 28
375 458
5 700
961 115
895 231
711 948
829 808
270 951
944 575
706 279
407 246
263 532
922 172
473 945
547 542
654 883
454 507
740 261
869 423
169 662
120 88
186 760
8 902
518 992
520 347
984 174
259 236
348 967
399 28
889 591
430 688
416 394
40 680
254 727
543 782
550 58
753 866
385 195
473 310
364 993
916 933
888 665
569 880
140 758
162 359
921 144
2 399
74 690
185 259
233 197
305 325
482 4
723 92
947 41
78 188
46 347
97 685
741 131
597 859
87 644
143 412
325 231
154 744
675 878
541 508
844 877
282 214
794 442
612 183
143 248
251 394
593 916
534 887
772 97
502 834
87 505
78 47
718 96
338 295
665 798
244 976
68 402
479 748
41 195
998 219
450 228
30 13
115 496
244 349
748 916
428 104
978 992
759 432
630 921
203 11
908 912
924 145
708 522
198 261
418 813
847 985
899 602
901 682
602 848
489 141
127 757
233 997
450 58
366 397
103 719
989 59
438 35
325 311
492 543
615 213
735 816
350 165
729 700
359 761
663 846
172 141
195 70
340 485
295 732
379 308
270 717
710 326
820 543
929 113
127 325
467 451
85 684
341 237
747 884
322 867
947 594
378 688
191 464
1 681
38 226
8 54
155 728
615 246
987 144
858 127
367 91
344 879
139 201
211 123
921 154
864 635
498 131
464 698
644 613
219 948
547 959
761 410
260 12
286 489
409 544
396 980
389 166
639 869
203 985
939 577
785 438
668 167
703 886
43 164
402 333
199 458
151 536
375 273
729 365
149 955
240 243
667 404
695 711
440 414
771 420
113 900
492 153
763 18
135 234
308 867
810 575
544 787
217 69
715 135
68 622
510 837
358 113
272 902
644 924
308 541
57 267
38 96
884 907
927 897
706 561
679 170
571 390
354 410
67 244
113 879
128 604
842 257
259 83
617 380
132 26
229 861
213 799
981 142
840 971
531 406
600 317
36 270
992 976
132 476
400 112
762 505
647 46
115 111
896 234
797 757
649 982
819 88
950 890
441 224
807 524
929 910
927 625
845 561
724 880
999 276
859 3
932 300
864 414
437 359
757 915
163 358
787 759
450 596
66 75
244 180
632 831
781 369
486 47
530 218
418 370
72 700
85 446
625 222
603 949
401 728
572 646
310 216
179 713
480 918
549 884
51 876
884 585
166 212
449 765
298 831
264 973
469 851
620 136
197 898
157 605
337 186
37 508
234 41
370 944
834 605
641 613
68 488
412 120
467 983
568 477
504 96
880 776
588 572
389 15
917 12
149 650
275 297
320 742
111 278
613 406
193 995
725 522
301 86
64 936
973 20
216 793
189 933
832 866
99 224
864 740
24 269
978 56
279 646
314 563
213 117
919 92
869 108
671 790
963 282
805 272
252 41
750 351
416 966
9 741
364 478
292 456
426 379
981 64
350 163
847 223
871 754
86 778
827 588
478 400
668 571
940 102
584 287
605 10
25 938
835 554
31 986
47 229
362 912
316 759
1000 245
668 718
951 284
111 687
380 905
631 24
519 382
683 931
633 647
752 52
523 688
939 606
516 768
596 289
407 766
578 247
768 365
173 982
956 47
923 736
154 999
348 349
299 873
543 631
530 594
750 795
91 404
821 299
531 399
189 350
480 43
193 597
675 370
773 86
582 957
300 223
51 282
330 717
102 354
493 397
704 775
584 100
769 341
211 471
519 489
851 241
923 759
598 755
505 718
658 199
173 949
953 232
616 698
862 582
342 328
840 42
332 364
131 113
601 281
639 971
319 761
162 744
899 205
709 48
27 557
997 75
617 476
485 20
889 936
137 469
711 979
881 727
513 700
643 809
301 488
600 543
846 114
145 763
22 343
209 283
459 552
640 626
132 329
800 17
407 559
746 411
863 660
58 73
509 674
889 748
698 187
970 486
390 151
135 510
825 471
913 584
495 778
530 272
259 222
461 38
549 396
603 674
212 190
434 310
699 971
218 51
745 548
17 109
334 920
207 200
738 696
249 290
662 922
409 493
490 864
794 436
111 8
405 941
260 242
402 383
955 152
180 758
424 826
714 465
111 639
448 918
629 817
161 756
4 799
719 622
326 131
604 501
682 869
489 22
77 757
973 645
335 129
113 715
3 786
192 445
938 295
304 340
753 479
729 188
297 522
176 866
820 105
29 582
594 925
785 845
959 597
17 258
361 198
595 317
156 708
640 500
588 460
399 765
539 879
995 863
47 193
725 594
637 896
141 184
535 646
581 176
546 762
252 700
810 654
717 95
561 697
710 523
227 710
533 536
817 347
116 402
606 800
756 542
298 640
66 614
279 422
159 881
891 893
937 157
183 762
988 843
297 852
826 822
720 528
232 132
445 666
45 223
893 966
575 791
984 524
264 185
639 387
956 2
623 777
775 743
194 332
675 814
103 770
945 695
336 702
270 9
979 479
40 903
808 369
261 391
195 246
431 911
28 863
3 862
550 291
306 610
360 73
825 981
8 402
81 937
679 857
88 368
96 611
757 650
845 211
815 999
531 333
509 570
961 738
634 42
251 125
249 974
974 959
970 537
907 151
418 713
921 69
502 439
806 534
396 407
116 513
825 894
258 794
105 116
792 836
525 308
1 941
990 712
279 823
382 905
441 839
215 627
634 36
138 744
940 294
337 151
636 323
690 358
973 71
960 445
308 852
952 814
82 179
90 733
113 89
624 756
994 405
899 120
453 341
606 988
164 618
633 980
34 214
760 894
786 122
901 147
381 130
738 867
621 641
466 335
411 709
155 153
668 653
384 560
473 836
633 275
595 598
455 388
108 913
222 614
415 305
41 682
247 740
824 404
573 561
202 314
485 406
918 244
88 481
203 110
681 523
144 894
281 683
340 490
848 452
265 188
436 675
565 286
480 687
7 511
829 167
489 607
157 653
279 808
78 213
380 958
614 999
992 302
643 478
187 152
753 821
111 628
455 749
329 54
331 313
327 401
98 825
375 330
379 945
834 969
345 80
656 727
660 785
291 840
48 471
711 560
822 5
69 706
372 142
635 928
952 506
99 998
952 154
760 406
273 947
73 108
716 561
494 816
441 190
409 380
738 692
584 6
982 681
156 142
625 867
56 638
47 446
43 694
782 653
875 653
41 712
716 906
376 527
430 763
643 398
108 404
672 58
174 443
165 116
460 166
592 180
52 363
560 42
427 39
613 71
645 618
531 515
746 602
121 626
291 27
380 585
533 666
927 205
305 8
223 986
777 98
803 199
264 661
427 138
74 810
736 747
770 692
482 905
984 368
647 184
53 626
388 824
900 174
786 589
858 208
295 673
584 764
883 314
65 454
723 681
626 31
211 831
570 403
369 946
132 7
887 472
925 528
388 447
732 693
562 762
738 743
882 630
898 130
732 202
704 35
820 541
910 224
682 914
815 563
769 898
548 253
140 88
716 881
780 275
25 638
861 932
381 608
399 329
147 864
215 840
631 481
542 555
100 348
443 433
351 210
114 330
373 316
102 514
250 727
777 848
200 66
858 181
183 518
649 560
857 666
940 309
104 932
906 758
82 890
745 762
958 684
215 248
265 294
951 902
649 833
209 245
999 682
518 298
352 517
727 989
853 926
675 182
325 215
794 145
453 47
470 146
984 312
992 961
254 80
625 707
246 616
813 559
947 483
791 529
785 75
899 194
506 639
70 531
341 927
225 649
162 141
321 510
356 905
104 286
461 287
803 67
613 412
693 285
393 521
824 246
688 146
218 17
191 580
350 422
135 200
469 716
154 258
450 35
474 718
484 38
103 698
720 519
892 740
346 96
558 896
577 456
826 757
879 797
935 992
380 635
211 878
457 435
210 85
235 61
584 777
626 614
628 363
43 273
538 645
968 538
631 450
879 780
511 483
613 893
73 58
69 946
225 775
851 397
126 82
799 270
987 221
969 354
384 631
326 154
908 89
220 188
918 796
871 635
821 453
638 316
369 947
925 673
920 792
284 582
932 905
901 446
619 356
954 464
246 944
869 787
271 761
574 586
815 114
816 204
947 523
23 966
401 578
157 992
651 16
653 486
828 224
51 86
218 324
75 816
517 134
836 932
772 158
946 370
258 941
501 851
213 18
70 32
342 386
12 671
659 75
174 567
869 153
897 884
300 733
299 144
160 8
860 466
761 480
441 96
287 241
596 118
339 828
23 400
661 915
902 445
699 154
257 938
585 785
434 754
633 941
148 482
706 681
40 765
458 521
645 972
780 460
453 845
387 424
14 579
747 508
546 613
354 563
999 504
122 293
793 953
777 953
641 32
956 185
525 717
193 999
655 449
107 4
59 523
833 880
610 402
260 832
565 43
31 61
149 47
825 818
312 762
724 592
309 573
173 958
992 77
991 837
594 781
691 227
919 658
791 1
916 216
661 847
561 167
870 862
506 387
687 882
284 388
48 767
615 881
87 337
892 860
90 764
957 936
516 691
734 704
203 592
287 750
945 800
356 823
701 637
599 119
341 921
801 403
795 712
93 403
771 323
456 957
69 400
606 254
149 573
306 984
454 404
93 113
122 957
39 886
779 429
769 196
609 277
620 46
633 121
516 785
889 371
443 850
106 145
267 622
531 394
960 842
639 146
918 207
108 342
661 844
236 150
658 723
62 137
605 483
897 263
577 315
745 393
878 822
92 360
83 74
852 386
876 753
748 298
681 723
256 959
493 939
310 100
532 824
235 800
687 939
570 505
163 404
731 386
278 453
223 706
159 979
6 554
266 802
468 790
115 743
277 805
569 318
590 511
114 594
370 730
991 932
674 185
109 711
231 25
196 948
973 317
937 6
335 217
324 523
115 312
237 798
729 767
398 976
225 508
388 831
907 185
725 929
480 649
478 810
623 563
29 191
320 757
894 415
57 672
76 175
70 349
369 262
752 869
769 216
925 688
109 108
449 258
820 916
187 566
183 935
520 867
863 615
358 297
597 368
106 709
628 815
159 201
749 154
292 712
580 309
660 315
87 193
378 884
384 886
64 969
5 569
905 224
701 144
263 650
730 783
305 905
101 475
862 447
781 89
650 626
229 388
464 777
500 202
471 410
613 464
312 840
172 862
881 256
569 567
479 359
453 255
614 506
667 661
87 885
45 42
924 874
277 28
732 703
446 685
153 279
669 752
629 705
688 254
89 523
554 962
642 621
840 441
222 377
841 274
118 214
598 18
297 222
906 241
533 101
259 695
771 97
17 63
166 107
970 727
969 116
782 762
868 266
185 566
157 9
265 824
369 897
964 5
709 845
491 212
572 437
728 197
546 665
138 291
407 699
335 857
543 704
729 217
58 859
745 362
103 908
582 908
297 173
3 401
641 273
357 295
300 908
528 438
533 496
365 930
315 352
623 767
807 684
763 16
260 799
327 486
260 579
819 182
761 24
565 709
644 734
28 568
553 805
132 247
616 830
729 599
960 631
570 608
757 657
472 926
874 330
408 794
70 237
108 111
66 28
354 645
16 488
674 782
632 372
102 534
287 633
710 122
500 952
834 293
52 428
570 327
725 638
777 298
694 691
674 464
630 227
815 221
150 293
919 141
895 648
924 981
270 336
119 417
242 73
506 156
602 63
862 921
604 35
665 314
482 116
61 454
72 338
23 675
894 151
724 939
711 560
866 156
176 198
216 612
554 828
202 586
318 568
19 196
833 137
704 212
31 145
964 387
429 569
428 85
876 335
342 217
980 514
631 255
58 997
627 631
269 987
198 654
364 830
433 455
830 337
829 318
606 462
790 528
857 95
994 211
886 363
532 88
198 984
19 1
11 72
438 973
291 440
45 743
626 676
508 764
713 17
321 302
320 160
750 580
974 495
831 907
539 903
965 180
639 127
282 47
331 572
43 344
118 263
169 282
700 258
697 207
631 201
59 742
606 825
313 844
17 72
938 300
190 413
493 567
364 716
529 587
226 69
743 410
231 861
562 962
225 147
143 604
136 454
513 216
828 183
783 662
758 253
920 20
204 123
187 555
362 944
974 120
827 366
300 782
386 85
5 607
468 772
942 927
37 602
401 500
552 576
981 764
817 284
937 366
194 908
619 68
942 645
66 193
45 743
728 342
139 615
479 79
539 515
202 442
597 462
243 286
596 269
348 616
173 909
938 870
775 198
579 426
149 199
664 373
204 79
785 650
189 273
313 37
846 77
868 565
691 328
570 628
443 687
972 479
744 624
267 513
926 576
184 855
170 719
943 14
110 579
961 748
840 112
858 397
875 519
407 240
834 652
716 92
384 468
358 108
236 816
41 61
686 207
425 171
553 239
267 195
557 999
903 565
170 322
761 619
937 963
357 367
111 257
873 568
424 946
375 677
783 519
619 96
621 231
287 203
745 703
43 236
210 285
212 947
936 798
607 689
905 680
33 790
793 166
571 844
895 906
901 928
124 201
593 65
459 918
661 51
675 461
73 745
12 412
192 172
785 904
648 466
998 740
595 838
950 887
654 292
453 695
257 485
607 206
906 542
377 647
388 917
381 912
221 550
387 109
257 375
469 46
793 459
889 111
882 952
839 255
87 170
527 896
301 715
166 961
259 990
184 114
340 487
164 921
852 846
907 990
902 447
571 6
878 842
762 634
817 712
292 944
596 373
198 567
350 959
455 701
775 421
324 912
70 494
588 823
89 54
525 550
777 709
729 937
466 167
69 818
997 445
824 374
217 285
153 145
927 930
98 192
843 929
555 150
383 665
529 39
422 29
981 589
120 611
747 911
822 670
622 695
158 361
781 327
219 936
832 962
350 647
23 597
416 827
136 517
266 355
49 589
118 812
513 70
738 450
49 52
538 110
581 943
109 870
105 819
261 221
625 884
830 172
691 506
252 62
955 548
120 455
300 979
981 668
402 109
163 629
530 755
483 669
414 410
559 889
597 222
54 90
129 119
903 417
756 144
76 798
804 976
999 453
915 839
947 1000
100 296
921 495
903 768
852 594
293 193
816 117
610 478
865 286
662 986
717 105
643 428
978 624
186 965
893 648
549 620
376 101
240 333
917 975
302 711
26 384
508 816
262 531
624 625
918 409
463 883
451 93
439 679
73 979
100 567
893 440
862 217
65 49
674 178
686 534
524 487
203 495
908 884
356 854
595 390
80 473
655 785
606 121
880 521
322 282
227 532
153 845
24 332
493 532
658 188
933 839
236 641
177 998
908 166
311 531
819 811
179 960
242 783
199 973
55 349
380 478
470 544
840 270
522 836
904 303
604 666
112 936
739 71
856 647
713 98
632 1000
366 684
585 855
567 894
618 370
657 160
705 759
396 634
581 186
700 857
203 969
846 182
215 466
582 642
114 505
634 678
100 426
937 473
925 864
361 407
456 860
11 24
702 168
487 540
303 260
124 519
967 385
533 853
528 359
872 905
578 337
138 810
548 885
151 530
600 66
497 338
970 937
682 472
886 443
137 969
200 566
501 272
973 257
488 628
328 840
199 62
911 694
383 257
931 483
218 814
17 311
256 26
234 528
955 714
417 321
714 513
948 944
418 874
301 782
642 426
800 635
960 591
326 429
914 218
798 269
56 192
793 137
222 191
297 562
256 90
566 122
174 841
573 815
141 993
627 315
324 51
914 372
164 743
421 58
862 722
48 309
564 513
895 879
307 781
525 824
597 416
268 400
675 182
367 907
992 738
138 903
857 582
971 504
197 90
675 112
394 349
267 170
573 432
257 72
876 892
148 125
374 415
816 10
563 585
601 112
47 59
612 283
308 768
416 859
367 497
731 506
246 611
176 196
845 329
745 780
400 461
248 787
96 790
985 705
66 153
448 967
624 280
1000 401
141 460
767 911
909 404
84 183
352 917
585 44
381 32
862 607
340 611
453 544
639 944
353 667
344 435
928 48
909 165
694 90
3 386
969 584
832 640
981 41
664 969
819 627
268 771
806 319
905 397
239 787
324 853
508 306
788 828
472 839
735 172
418 758
401 12
660 929
26 512
799 2
360 541
614 500
415 872
158 20
463 701
994 582
519 145
357 669
753 265
755 362
358 724
352 138
904 890
362 307
643 133
928 299
86 137
362 594
558 362
356 225
63 967
437 325
565 903
511 995
5 29
21 618
235 116
529 694
313 419
206 711
214 154
776 983
37 373
655 786
163 240
178 32
761 809
393 443
991 185
657 542
384 538
588 327
30 816
862 467
498 159
379 224
594 490
719 639
624 798
710 624
272 3
416 736
101 225
528 500
159 102
951 331
946 568
603 122
617 872
429 287
630 9
420 741
16 445
737 96
353 270
587 623
284 696
697 565
342 1000
152 846
386 591
614 830
153 75
92 316
658 609
238 688
726 834
357 325
744 395
683 115
339 306
999 671
223 285
497 852
109 752
626 323
325 312
632 947
659 545
19 404
963 472
126 914
582 980
712 243
424 439
955 13
97 703
437 148
391 120
775 823
646 798
329 680
288 781
90 836
347 106
333 631
269 532
819 144
132 348
565 722
914 808
758 977
346 263
177 242
118 96
40 866
255 101
787 453
138 70
773 460
363 815
714 190
660 569
784 746
457 973
51 236
632 300
87 165
772 899
56 960
612 18
963 588
964 186
297 328
97 323
750 232
179 443
434 617
290 688
923 197
605 806
862 535
393 381
844 128
348 755
703 117
624 75
537 636
231 290
574 714
54 303
658 134
976 140
765 238
592 485
593 37
142 225
538 735
780 287
53 375
494 922
187 716
54 983
717 824
309 577
646 88
807 563
375 421
294 492
541 377
896 16
335 859
603 504
235 812
882 859
384 986
663 159
267 364
163 126
931 277
282 747
836 874
775 316
600 999
130 927
682 683
904 40
270 524
930 745
124 898
324 372
893 669
849 186
195 639
996 417
560 706
100 614
365 838
870 497
246 918
427 90
419 806
243 808
269 373
575 559
128 104
820 139
639 255
291 433
506 138
607 31
250 723
616 251
900 96
491 429
320 88
564 268
540 46
447 684
80 814
285 437
148 874
612 36
576 502
532 261
782 784
755 4
1000 802
606 188
109 813
525 872
729 923
248 529
253 375
530 11
289 207
262 250
108 647
618 352
128 793
677 177
653 628
197 568
728 188
937 734
144 835
676 645
277 355
846 237
723 46
946 281
790 291
678 911
872 316
117 442
172 501
432 758
841 466
252 464
591 541
160 941
369 438
510 439
163 231
749 214
139 81
614 35
688 123
848 884
271 20
70 7
918 707
863 969
874 948
382 960
573 801
929 370
925 138
131 945
723 83
116 715
996 665
276 730
614 668
951 841
738 565
492 102
96 971
215 904
388 721
521 661
446 435
656 985
870 842
616 417
367 707
389 386
117 329
718 84
104 698
73 498
7 416
756 237
517 23
201 203
216 601
428 536
764 252
227 888
698 812
967 879
270 39
260 306
980 67
626 868
492 337
660 485
720 632
823 202
636 565
822 314
421 964
26 188
191 953
494 997
609 660
428 661
327 204
90 392
25 644
326 141
414 509
810 459
566 804
391 158
893 673
939 283
998 117
108 678
388 532
880 833
335 54
762 37
16 332
967 598
376 517
347 867
542 258
414 653
913 894
735 757
285 425
10 909
291 467
300 275
499 983
293 844
669 652
366 165
870 500
818 100
974 767
845 343
741 648
160 305
473 137
415 474
267 467
816 384
777 309
691 457
176 495
287 128
944 818
683 914
127 752
922 124
603 975
489 541
481 252
371 335
856 655
300 32
607 959
267 360
282 931
209 563
833 7
784 22
788 840
831 559
170 801
487 30
708 999
530 155
128 827
356 339
426 545
341 941
79 325
371 704
379 924
224 188
234 994
658 225
38 988
963 449
323 820
470 333
676 882
120 192
914 231
853 416
511 749
603 638
326 804
349 184
602 34
336 999
836 247
674 858
127 867
351 631
306 442
410 927
926 445
27 705
554 814
795 216
312 356
104 420
230 941
698 350
812 356
221 127
731 970
165 44
974 334
32 425
1 861
67 354
152 761
668 460
904 847
901 375
839 20
244 754
539 875
784 572
45 842
454 178
719 46
303 741
72 113
795 327
202 889
742 255
557 306
595 293
537 885
777 147
864 613
740 673
176 698
37 607
107 1000
392 714
317 607
967 976
126 184
795 189
699 545
360 450
405 672
757 96
284 573
874 105
146 815
662 134
148 177
257 323
46 501
289 416
499 134
38 779
490 230
185 994
46 676
564 265
461 480
700 653
608 118
154 389
634 970
569 987
926 648
861 489
566 561
97 511
937 270
45 692
949 815
761 921
453 214
429 911
46 343
613 960
755 287
402 815
710 635
787 728
924 366
465 999
222 296
874 53
392 123
703 125
117 736
434 850
514 758
379 117
206 760
886 447
754 121
849 322
805 344
550 437
778 277
71 412
310 100
420 750
656 657
950 502
985 360
380 318
912 754
523 581
341 86
921 564
166 411
795 413
660 177
206 787
103 326
329 970
94 302
707 567
165 945
980 633
54 232
880 448
240 827
814 960
47 931
265 509
754 638
971 657
685 982
646 885
525 449
596 762
403 798
966 75
228 934
1 181
209 228
662 921
914 958
667 306
404 57
668 257
621 772
985 735
361 236
854 885
8 376
481 170
848 117
582 786
973 649
566 81
656 900
291 5
551 505
390 59
637 632
436 581
375 385
383 749
525 634
896 333
323 540
536 696
462 848
83 502
609 210
455 151
116 233
71 567
845 458
207 900
3 688
872 390
739 698
11 986
5 849
235 124
765 682
429 389
465 874
403 571
36 25
810 537
371 307
900 172
898 157
652 306
336 887
630 539
615 888
7 323
902 847
572 892
120 507
536 89
216 867
814 378
56 639
923 215
341 435
462 593
971 579
257 114
925 96
530 956
70 769
923 116
773 44
972 484
874 901
702 806
971 577
365 600
522 621
622 331
623 763
322 348
838 523
215 950
534 157
846 414
992 675
73 88
611 520
200 814
484 945
861 102
727 351
1000 683
709 760
442 923
159 748
957 21
417 682
959 450
423 508
603 407
477 473
321 907
331 315
85 747
24 134
1000 826
975 616
319 726
413 609
440 70
605 125
724 508
28 558
905 553
931 951
801 697
577 811
230 223
723 846
783 908
852 57
298 923
962 15
818 898
466 288
402 933
129 48
653 172
271 78
799 857
121 768
582 227
500 379
64 323
705 315
760 509
962 486
846 49
433 674
535 533
805 419
43 231
550 700
928 445
737 503
187 221
727 390
316 259
267 834
555 204
548 868
289 360
617 936
140 961
729 663
24 952
682 754
773 599
356 47
965 708
142 348
75 577
641 894
280 760
305 48
228 844
744 612
445 976
233 603
639 837
271 623
982 74
244 284
731 714
214 9
921 389
937 249
263 316
104 241
821 85
100 694
816 900
744 790
964 257
567 259
642 214
479 636
553 917
500 235
737 343
453 614
987 606
861 344
421 827
985 411
526 570
157 959
827 560
691 134
618 399
384 580
83 373
66 244
147 211
891 887
627 131
394 757
572 809
842 451
533 852
61 675
133 967
870 672
517 77
663 760
497 893
308 141
746 873
968 179
261 665
738 783
834 467
616 944
918 721
439 168
191 215
97 390
804 57
62 759
911 624
234 523
44 625
554 778
919 730
928 186
598 443
500 794
675 113
931 449
625 352
767 50
234 135
995 987
849 829
39 188
128 287
720 457
859 315
451 368
237 125
592 134
768 133
183 52
824 324
234 529
465 139
141 781
139 406
438 456
60 562
216 583
246 814
513 352
780 383
182 317
367 105
951 541
228 93
739 303
713 334
999 454
291 59
617 685
45 577
995 856
986 247
950 513
573 512
201 196
599 676
803 642
313 922
355 297
238 543
984 286
812 655
443 314
289 714
231 762
519 799
945 131
940 122
312 755
246 898
522 208
330 326
568 507
707 419
207 70
123 584
860 671
674 98
132 682
892 491
502 101
839 45
811 839
510 43
25 753
879 569
407 16
448 559
861 498
596 772
725 537
646 25
615 179
439 183
638 31
911 495
235 664
330 797
666 707
875 590
163 10
216 320
347 557
903 325
48 972
892 572
411 195
388 111
546 233
121 593
261 975
982 762
780 528
833 741
76 657
443 203
622 254
655 892
926 24
81 980
810 502
807 430
214 179
760 444
332 572
641 360
983 382
696 242
314 124
215 279
582 822
248 552
614 247
944 324
171 425
695 300
217 632
67 12
761 642
932 401
377 951
687 400
576 860
558 66
697 141
223 312
586 984
304 924
154 190
379 293
84 188
213 332
252 223
711 667
673 810
265 180
473 518
951 270
369 436
566 247
726 362
681 300
419 397
460 660
210 967
623 695
81 509
513 195
643 90
546 180
708 156
567 644
549 37
519 353
521 8
681 915
882 978
586 670
451 452
993 765
615 349
645 77
201 640
545 334
120 488
589 550
96 672
519 863
833 542
976 252
34 192
392 660
220 430
108 822
799 750
705 565
524 624
95 960
214 714
547 996
103 449
153 727
679 555
215 916
867 641
801 317
88 605
971 219
671 471
694 544
689 176
529 393
747 811
168 100
541 766
945 469
697 549
341 886
698 38
489 547
877 263
635 230
549 618
425 75
504 496
648 302
647 879
292 78
560 982
470 348
420 641
209 59
837 660
198 443
670 436
629 260
682 260
842 208
572 702
849 124
303 625
588 219
519 666
161 945
576 568
80 411
871 761
111 767
773 402
456 939
578 59
67 69
637 629
854 366
822 596
38 279
349 638
154 292
17 952
136 750
189 816
299 314
995 117
595 173
361 363
641 35
433 598
424 701
545 690
559 224
931 833
132 394
276 46
464 405
210 202
165 471
320 73
523 127
812 281
370 209
603 412
822 941
805 744
780 201
294 361
701 165
767 534
230 728
844 74
686 994
152 138
551 39
964 40
911 963
607 49
591 78
137 507
613 622
908 92
661 615
399 409
952 622
533 694
37 237
842 707
588 648
724 113
777 237
5 916
459 482
942 748
895 618
714 693
80 999
865 148
105 40
737 706
305 716
396 827
768 390
573 378
985 1000
233 809
458 296
188 905
854 490
904 250
262 545
782 215
44 41
951 160
49 390
969 911
708 564
818 667
394 769
416 765
352 337
757 976
52 617
586 939
637 958
763 338
172 221
91 271
112 302
422 41
851 486
746 951
274 588
2 702
62 57
229 440
573 736
679 818
303 94
196 249
815 416
779 141
160 518
881 698
839 274
389 120
678 912
235 693
641 217
477 562
516 327
705 412
516 480
899 431
82 536
286 703
630 946
638 730
860 534
886 409
443 576
325 697
52 461
389 674
695 963
622 714
897 37
581 275
998 629
251 845
74 137
308 205
870 745
649 878
967 933
251 190
293 983
721 652
627 90
990 676
466 659
104 348
926 269
379 737
420 861
830 695
335 978
97 79
912 938
683 459
546 633
911 248
674 204
749 693
859 969
204 642
71 198
539 368
966 65
32 333
360 443
882 751
816 46
904 286
914 280
371 84
575 990
456 866
835 354
766 755
220 310
308 485
50 7
34 855
973 524
210 282
584 963
143 244
373 185
558 469
510 573
183 153
32 870
589 702
184 173
651 930
83 214
974 102
882 527
963 401
347 659
820 614
872 399
628 323
960 449
391 53
122 289
282 482
166 508
171 308
847 971
889 198
220 557
212 222
55 872
840 350
743 948
420 146
12 424
59 224
932 672
656 558
316 263
986 975
461 196
731 621
979 939
994 668
816 997
681 863
256 107
177 695
782 967
366 845
292 341
17 150
242 318
926 330
514 769
465 365
643 171
946 712
501 982
965 131
256 709
579 987
561 289
602 981
553 442
325 865
556 623
41 336
816 122
305 561
371 344
874 402
212 310
666 815
524 440
779 627
74 968
336 598
429 120
765 385
958 579
230 638
168 435
818 481
839 473
118 904
838 710
645 60
940 421
662 687
554 205
280 182
170 603
4 952
76 498
998 128
471 523
266 750
290 696
356 915
714 778
66 707
768 418
408 606
134 736
925 481
660 600
600 977
876 321
149 877
306 202
258 248
461 776
989 352
201 161
713 297
940 945
659 460
121 33
460 928
469 535
1 597
102 340
172 372
220 323
945 902
436 531
436 554
152 301
448 340
358 905
286 902
340 556
222 732
107 234
535 864
144 130
817 278
801 427
379 271
114 338
96 39
403 136
501 744
983 895
620 195
562 451
335 203
274 755
700 7
369 978
962 906
478 365
49 546
158 112
243 989
637 627
636 352
762 157
276 307
634 180
117 66
930 456
56 977
639 296
665 442
77 4
317 416
389 367
518 709
353 180
992 891
239 129
881 330
322 231
64 859
137 178
49 789
339 282
280 262
14 283
336 898
676 711
498 257
357 858
189 627
301 873
896 663
657 9
816 23
371 792
778 923
451 503
3 436
249 704
948 383
223 303
214 79
549 818
318 871
975 133
625 527
655 941
842 874
300 513
15 893
121 869
501 991
187 748
757 269
809 595
738 518
179 53
149 344
545 65
156 792
873 682
100 752
223 790
499 949
421 432
17 673
804 374
640 880
461 241
506 888
340 756
905 395
447 762
558 357
568 512
583 405
530 731
292 152
177 439
416 826
870 48
383 137
420 212
384 753
549 706
500 112
596 226
853 549
438 936
578 153
524 486
440 432
624 739
24 467
605 129
314 280
366 659
476 631
853 715
855 273
164 971
22 952
760 661
7 349
630 601
47 147
809 434
716 974
510 495
464 745
562 947
831 684
427 652
509 852
110 882
950 904
841 152
302 322
720 808
555 861
339 845
718 722
464 962
680 972
183 212
765 780
906 911
792 980
391 545
933 606
712 958
499 277
603 34
254 442
523 876
127 834
258 25
931 747
438 901
448 901
523 273
767 785
238 362
613 835
895 433
108 304
675 679
429 58
567 376
397 421
224 499
743 381
958 6
454 31
379 165
155 311
548 810
749 581
941 454
326 958
630 217
899 51
139 948
627 9
845 69
404 17
424 219
552 713
653 441
11 792
764 218
61 223
640 743
777 440
977 373
967 275
561 682
970 891
812 719
666 611
593 627
316 692
709 984
79 409
28 84
157 437
231 670
967 270
464 268
55 502
363 295
361 77
727 843
54 7
19 186
960 623
631 258
554 907
382 626
927 290
207 7
704 536
806 964
861 113
140 818
583 627
350 169
790 3
989 190
227 80
640 409
705 53
526 6
348 912
84 24
303 40
731 891
104 240
974 637
884 883
926 619
380 581
14 161
963 711
88 581
353 175
176 635
659 794
477 151
369 957
310 194
788 712
266 742
402 870
606 4
240 304
215 765
199 318
271 434
877 789
648 102
977 560
966 673
783 351
296 284
54 306
447 216
989 567
913 263
765 99
89 841
567 570
48 782
206 410
142 818
125 966
595 623
891 275
704 683
878 126
860 80
876 136
655 184
147 890
659 720
275 843
523 956
224 806
269 878
694 889
372 168
381 851
220 913
453 414
267 624
853 391
481 676
686 987
880 584
446 305
969 703
381 118
538 646
833 984
518 750
788 844
279 460
108 967
148 597
772 711
911 591
639 515
755 546
138 30
985 178
323 977
229 324
461 46
466 789
611 990
213 707
352 821
468 331
473 46
801 206
601 906
760 13
409 258
694 226
855 810
749 662
511 926
228 441
827 120
426 760
356 790
2 883
859 955
246 263
254 568
795 788
253 991
565 535
372 600
61 33
799 578
347 309
263 392
343 469
53 37
789 544
25 402
357 740
658 940
422 459
184 263
427 261
812 302
539 181
882 443
232 401
695 408
698 526
417 226
897 448
520 652
693 49
731 734
519 899
924 395
485 810
450 882
764 894
300 18
212 787
354 123
710 354
110 470
978 899
929 766
607 849
967 787
864 443
976 337
559 710
361 42
119 240
595 81
807 625
82 177
62 858
893 885
493 812
971 344
808 778
883 791
924 813
467 631
427 155
998 935
924 320
293 929
275 143
192 419
764 597
614 197
41 251
489 550
185 364
896 829
868 643
347 901
853 418
806 533
12 108
675 718
655 430
951 875
655 326
984 644
805 162
410 65
13 678
117 661
962 543
297 644
49 99
261 814
170 746
81 737
712 231
127 801
221 329
343 956
840 142
401 568
700 127
210 750
699 119
246 122
596 512
487 132
293 304
313 525
674 940
752 281
229 383
987 172
117 728
390 423
517 361
566 651
52 582
874 89
527 836
674 763
840 941
991 963
500 353
837 681
701 291
397 581
703 502
987 213
555 405
796 739
248 936
357 477
211 865
162 759
924 235
950 360
464 487
165 311
628 857
895 904
879 200
516 833
658 299
609 896
492 268
580 320
915 32
703 246
836 977
933 803
545 438
971 640
332 607
963 262
26 77
685 711
175 228
339 268
405 39
689 938
54 460
330 982
411 938
693 549
258 399
468 294
957 587
293 358
884 256
392 900
537 447
890 66
864 785
350 401
533 594
779 356
572 116
894 429
292 13
580 399
986 320
942 759
122 702
512 42
364 438
557 975
203 400
436 138
517 919
815 643
433 418
223 351
138 559
82 144
414 972
27 822
285 933
838 549
678 685
530 186
773 965
613 68
622 933
104 441
