1000 3880
297 901
779 379
941 416
344 39
524 321
360 821
134 431
100 258
389 410
200 534
165 581
884 92
693 471
919 225
893 239
771 480
439 881
73 389
516 621
609 171
688 742
331 103
517 372
211 215
18 457
697 757
48 695
553 308
980 454
117 87
42 13
809 383
874 466
661 551
132 775
59 507
235 317
810 117
846 61
761 103
709 323
791 38
977 243
986 466
694 968
853 734
806 907
420 748
716 155
921 816
155 591
272 175
949 356
394 171
533 372
710 115
905 326
421 9
764 253
225 118
419 947
488 411
32 300
883 253
661 774
319 747
875 448
963 750
639 578
311 280
859 208
553 701
894 653
29 304
347 818
460 814
28 120
418 884
592 259
104 785
873 862
486 570
759 298
916 684
70 432
303 258
808 206
273 898
606 724
359 215
435 228
702 225
292 770
804 282
913 731
377 534
460 224
31 803
263 976
778 306
451 864
582 406
293 733
366 59
429 378
527 783
933 666
615 69
18 210
354 270
723 338
194 223
189 133
199 725
856 47
283 372
114 367
368 172
631 563
852 231
499 763
52 107
51 372
857 345
548 329
145 780
35 239
935 117
518 790
765 475
259 490
648 112
542 200
712 785
381 868
712 394
704 128
516 708
446 371
833 78
393 957
953 676
600 894
26 460
217 28
491 653
219 60
137 863
53 674
157 966
691 254
613 653
910 982
538 87
333 490
5 806
77 500
868 494
892 221
538 22
83 806
572 629
459 546
518 819
276 447
642 153
743 357
445 175
754 69
134 381
378 834
281 160
251 505
684 495
940 86
235 558
818 186
29 753
192 661
806 13
59 920
561 468
69 323
584 712
652 921
202 975
558 522
822 434
556 165
500 775
740 403
158 131
210 806
856 664
955 921
7 986
48 385
387 850
709 149
368 610
66 779
701 416
879 393
314 696
35 154
246 370
921 583
599 142
358 938
914 870
587 571
646 158
790 900
781 778
193 578
79 601
538 673
728 6
661 725
909 945
97 101
632 752
433 632
25 730
932 787
574 405
17 688
767 869
233 860
500 829
63 521
946 74
993 814
817 431
497 209
118 806
968 466
608 903
447 647
862 269
388 244
570 705
285 806
361 939
767 361
575 426
730 250
646 164
935 785
740 660
839 31
507 215
457 322
433 988
881 203
323 806
421 231
445 632
821 572
787 936
345 517
253 412
877 945
694 987
822 553
173 525
407 166
537 520
107 255
529 628
385 651
787 692
460 498
786 158
239 304
913 375
184 401
900 267
814 325
29 818
767 305
629 653
414 153
375 910
892 105
865 837
881 536
712 277
920 156
40 60
840 487
502 646
102 859
945 731
699 510
676 376
240 615
779 368
667 957
241 538
605 4
825 236
6 374
117 301
220 433
986 43
545 982
563 420
32 593
482 570
785 85
485 957
350 284
365 889
582 663
180 654
231 232
258 524
82 574
448 723
147 887
420 215
388 952
760 994
434 596
248 174
255 502
568 597
956 688
484 360
424 351
623 305
443 306
127 184
577 843
468 881
828 195
841 427
209 441
997 234
920 581
935 652
290 216
205 857
937 605
377 828
862 767
180 440
608 249
376 246
702 30
3 690
867 36
445 608
315 277
647 345
11 352
12 727
569 685
877 378
614 171
588 938
833 614
522 934
193 226
28 686
472 315
592 396
941 239
631 748
983 964
341 569
807 975
809 283
412 399
232 587
106 1
741 654
390 255
847 836
863 526
724 633
103 234
609 492
766 626
624 711
411 657
166 706
520 409
816 871
482 412
908 578
913 500
57 906
974 865
803 214
179 629
274 881
727 126
3 547
301 758
491 918
835 3
242 944
390 756
505 238
666 631
91 3
580 49
711 844
684 346
4 571
155 702
123 728
247 617
268 86
732 947
762 196
203 728
252 4
221 760
188 502
72 618
987 248
808 235
991 141
417 983
227 276
130 538
998 38
355 949
834 721
641 653
476 758
432 444
220 751
431 603
280 941
89 485
893 495
725 826
405 715
795 879
189 190
684 182
116 926
80 351
177 76
975 198
225 374
320 830
972 280
501 595
241 786
771 264
70 827
921 846
339 864
506 261
67 911
847 982
174 688
750 883
622 452
703 146
859 593
428 726
3 186
664 238
843 63
906 925
156 855
358 309
195 429
65 173
809 28
939 964
910 371
750 253
288 29
814 977
372 673
171 191
44 941
157 388
770 637
497 246
115 728
12 834
365 168
738 750
55 86
622 334
966 882
864 421
606 615
151 271
148 80
432 784
266 56
140 912
132 43
364 312
470 596
79 263
696 927
465 404
369 174
666 202
464 352
113 242
124 174
649 16
166 93
564 521
780 224
328 829
842 185
166 102
216 192
463 675
684 523
156 264
386 666
888 425
119 939
526 97
499 31
178 128
742 943
545 736
988 244
20 227
534 299
729 139
640 694
367 848
526 19
427 732
307 96
61 791
247 736
502 399
35 556
47 443
397 147
224 319
341 337
571 530
500 841
328 530
323 621
241 284
73 79
36 636
193 220
235 663
12 692
510 708
695 889
923 377
978 60
767 695
678 149
514 42
856 528
29 692
860 893
44 606
92 854
634 21
300 502
831 175
662 124
615 781
400 635
294 229
666 478
284 374
835 151
500 822
481 964
498 424
162 6
869 23
370 591
320 107
514 177
158 50
382 676
342 387
564 923
842 568
188 163
652 463
342 872
115 725
262 124
786 475
302 220
920 411
594 194
668 270
317 487
982 772
472 460
729 775
29 49
512 380
122 317
406 576
111 867
339 640
174 691
300 24
465 756
175 299
602 108
153 897
949 857
380 208
395 423
186 350
259 360
912 584
466 904
529 414
467 421
392 964
559 67
230 650
697 358
604 279
949 746
478 946
462 174
886 31
91 683
449 603
119 4
376 499
948 694
30 566
405 49
486 390
954 850
403 951
331 600
916 659
132 423
289 96
940 428
235 284
132 736
629 951
551 74
665 459
161 548
564 288
437 204
96 183
621 2
685 745
527 557
783 821
157 353
841 654
152 853
755 285
400 707
410 171
298 652
633 377
852 606
756 29
563 84
318 352
866 713
775 513
313 823
161 777
503 304
747 557
886 94
297 585
522 397
19 34
174 341
499 253
467 417
766 405
135 499
939 454
201 44
311 646
275 9
206 605
672 57
798 811
64 489
27 264
508 182
491 415
787 758
651 95
919 968
561 961
254 91
734 293
20 840
804 355
934 867
908 44
748 831
111 534
757 531
340 612
277 399
756 45
177 819
56 339
707 828
6 917
922 63
37 28
422 802
959 408
945 751
721 375
778 218
840 148
984 7
644 296
517 459
412 417
633 349
471 140
995 293
26 626
607 769
843 278
464 319
679 233
597 728
27 222
165 772
364 545
428 174
47 875
433 168
527 273
793 988
268 494
20 875
575 397
815 937
289 611
637 736
350 458
58 474
409 483
766 640
127 137
91 260
290 423
129 446
721 34
475 567
301 871
583 84
297 965
623 79
35 831
401 812
65 868
366 67
161 921
695 506
619 353
295 646
373 257
560 562
267 851
937 40
788 985
991 153
45 114
431 812
395 815
503 983
906 793
226 508
536 457
59 698
921 362
698 733
944 523
563 169
253 931
995 433
108 322
684 180
65 879
313 448
78 251
568 644
973 98
398 529
426 175
665 327
438 47
961 178
565 661
937 779
973 931
639 816
763 230
567 237
19 463
684 318
672 980
349 688
752 799
159 720
889 28
86 135
262 426
725 183
454 634
941 122
701 744
312 51
866 949
428 898
647 40
280 997
937 874
289 629
832 725
942 672
522 112
702 904
378 277
694 251
70 711
80 539
185 753
169 63
252 475
760 432
61 774
234 300
446 861
783 265
151 720
59 687
175 894
584 451
830 667
280 803
355 317
233 666
812 359
716 386
372 479
189 109
854 849
78 969
115 375
310 745
161 906
311 609
270 508
36 781
97 162
85 263
854 645
644 496
14 334
939 255
256 524
419 220
503 128
66 334
232 209
596 702
988 654
121 178
685 109
77 774
409 101
2 238
482 521
44 37
1000 139
106 367
366 776
63 734
103 295
614 13
715 227
182 419
142 880
32 347
366 232
748 488
757 537
477 965
686 992
34 326
2 225
714 21
632 72
682 51
299 524
46 196
925 836
848 835
630 559
485 193
380 477
61 784
928 765
607 800
324 462
160 14
38 579
391 663
753 108
479 487
919 112
988 860
854 15
75 304
462 802
417 350
856 615
807 909
477 115
303 594
625 394
189 497
911 930
630 553
216 290
124 268
7 905
589 333
490 701
385 726
142 848
809 157
433 742
813 213
618 732
205 454
587 343
301 285
337 269
815 11
262 960
964 440
844 955
316 864
232 643
39 877
724 401
929 245
244 350
527 8
516 924
43 569
949 319
455 938
750 26
997 24
597 956
639 101
281 849
605 88
154 832
473 443
2 23
824 570
493 969
881 607
621 198
512 754
189 572
30 80
428 795
317 545
821 748
245 552
583 450
8 162
442 132
848 551
726 682
88 865
987 296
334 128
566 698
543 433
301 394
479 486
373 680
152 414
618 372
91 732
721 452
933 457
826 409
242 631
879 431
610 961
563 938
156 550
780 172
916 58
762 622
177 714
796 2
930 69
12 167
168 634
280 960
816 302
401 43
470 282
398 941
783 61
419 40
257 99
945 807
445 851
566 409
73 757
58 630
648 296
3 52
793 866
550 238
222 534
885 461
807 410
291 7
784 333
803 612
363 54
286 185
337 689
700 937
630 425
942 654
908 783
317 414
664 260
650 738
655 461
120 526
872 122
531 679
898 730
769 267
849 675
637 997
308 560
132 695
395 848
114 529
750 649
258 580
84 852
342 773
655 181
592 441
430 791
962 913
419 224
686 421
338 937
77 943
948 460
383 603
428 747
39 535
145 547
510 486
767 903
238 550
12 513
830 327
495 206
539 190
731 130
861 392
996 879
726 123
824 202
357 497
38 881
686 554
720 243
314 609
538 255
684 560
833 807
316 289
107 366
918 796
397 853
153 387
947 795
846 878
107 944
844 804
482 796
930 77
72 466
220 403
728 732
139 44
182 468
96 521
400 255
701 532
88 251
950 924
420 4
748 691
970 312
515 768
654 17
895 176
676 340
242 177
862 261
20 267
770 576
555 565
93 798
302 778
153 85
905 908
721 109
797 981
762 602
122 988
501 315
747 367
315 416
889 624
145 935
22 456
121 973
145 778
274 9
829 395
835 45
960 572
868 768
481 458
136 448
216 404
53 86
175 772
127 29
913 82
336 173
829 245
153 113
829 399
208 230
733 257
705 716
288 503
970 420
881 726
352 51
559 445
294 672
117 94
746 955
344 317
741 872
285 79
839 572
497 572
201 493
429 231
182 286
188 211
375 920
141 437
800 328
204 466
349 339
612 449
224 523
588 266
889 170
75 713
20 347
64 267
698 916
98 867
837 911
428 400
638 695
773 676
118 109
728 756
225 475
935 995
378 55
96 876
342 190
284 457
218 105
818 198
679 436
484 347
411 790
923 753
207 177
382 17
180 292
540 382
618 819
960 60
183 836
907 288
239 237
936 87
167 783
953 120
584 890
868 380
195 235
444 555
486 564
752 1000
413 361
508 481
526 782
930 673
697 594
950 469
920 457
479 816
537 926
23 574
834 350
439 962
717 632
812 445
588 126
502 272
603 632
501 836
624 581
645 109
550 241
626 135
280 643
904 906
741 835
912 710
893 203
820 643
506 592
273 189
670 957
779 666
861 23
937 41
560 32
616 159
855 908
387 721
166 94
572 843
817 187
383 917
786 950
320 280
520 550
826 255
454 295
735 739
481 830
417 427
952 301
169 896
555 410
522 193
27 628
804 304
132 516
630 752
761 885
724 714
450 873
561 88
907 625
62 957
475 829
133 522
989 191
889 625
815 928
473 867
173 511
535 53
991 895
162 565
913 889
313 637
830 825
212 252
483 79
697 541
181 933
951 156
459 62
104 22
695 304
625 420
63 278
382 970
301 751
576 525
456 88
262 710
418 400
383 672
360 550
631 541
346 768
959 929
328 156
328 684
6 418
545 656
670 960
176 858
718 862
827 515
292 57
18 238
313 517
568 842
844 241
809 703
602 839
829 924
327 911
522 673
987 47
433 336
141 457
683 661
872 661
688 238
926 424
598 176
647 720
433 866
749 6
11 534
246 692
38 157
335 929
614 187
196 179
422 421
438 128
622 446
312 448
475 513
178 207
288 381
117 289
996 547
937 58
303 503
471 318
315 852
640 805
757 842
983 716
507 977
135 991
622 758
983 754
919 743
264 890
294 742
259 708
403 142
33 620
651 452
861 315
48 474
860 572
210 429
843 641
370 398
423 29
836 527
480 94
245 826
132 557
954 152
758 287
970 952
240 367
267 178
263 937
363 268
587 219
920 460
624 814
842 843
48 330
850 658
343 572
252 93
43 845
318 3
360 392
100 440
564 952
575 648
329 44
948 552
485 774
621 78
444 295
480 833
964 125
321 758
699 499
528 250
291 651
941 527
877 57
378 101
320 169
97 672
67 556
802 519
283 839
815 437
518 319
805 371
707 466
620 720
959 697
359 2
299 883
680 841
782 357
72 355
605 412
403 227
237 877
25 366
568 612
515 93
665 53
495 734
761 659
338 619
352 725
203 519
60 591
285 974
750 18
10 494
991 377
853 38
447 273
98 581
429 516
559 781
974 654
322 877
916 685
523 468
460 762
954 878
225 690
9 792
151 22
525 620
592 719
176 921
153 932
958 966
808 423
333 683
610 938
811 503
8 155
456 646
654 419
682 163
290 852
497 38
29 433
544 605
417 309
975 859
158 730
739 276
722 519
776 831
143 104
699 166
641 590
386 942
522 803
355 293
10 857
890 541
837 368
335 686
349 687
640 700
203 640
392 908
337 619
405 259
526 202
853 406
69 839
96 94
284 665
968 463
704 290
34 853
985 799
48 636
146 358
896 381
572 585
862 782
734 784
349 648
985 336
391 760
459 405
346 634
408 994
257 763
869 906
400 46
491 276
111 668
457 562
371 763
49 437
435 215
312 399
593 238
950 581
59 758
227 465
738 584
895 150
155 860
556 242
166 733
859 578
839 997
714 21
3 805
904 651
454 846
288 731
171 836
180 134
728 476
337 725
644 527
305 654
77 423
522 626
740 818
283 839
19 683
902 64
846 805
559 173
209 619
304 155
406 695
788 456
730 850
223 684
226 221
902 327
887 908
535 684
469 706
781 868
219 862
247 378
965 875
316 404
398 163
908 497
726 205
628 753
106 510
968 896
89 967
373 219
863 182
573 316
650 608
616 52
414 992
560 844
655 451
255 467
772 194
577 804
647 865
190 733
456 788
595 750
4 907
610 58
666 256
641 170
639 307
81 773
189 612
196 94
696 110
617 452
158 555
676 493
925 508
194 441
747 198
298 185
41 397
264 89
531 8
875 869
232 676
416 988
398 728
142 393
943 790
880 773
569 650
963 236
343 728
900 657
145 999
133 858
558 681
134 396
285 504
909 888
590 505
235 672
451 257
910 370
205 293
336 645
542 489
477 955
513 345
866 691
301 113
548 386
760 703
596 895
946 781
919 886
221 982
348 866
814 807
958 266
752 364
661 30
443 846
479 787
39 401
214 129
275 246
108 653
598 980
862 359
313 965
635 702
53 415
849 83
162 98
352 577
588 907
15 875
397 691
188 351
503 793
787 209
704 296
118 750
694 633
979 809
650 899
567 553
569 603
747 921
638 904
893 477
127 898
152 665
496 604
655 627
506 208
178 37
705 72
303 958
159 796
981 427
632 48
857 647
931 666
12 919
351 741
395 876
170 172
950 525
122 937
31 267
333 435
418 869
448 557
464 524
796 112
840 335
364 615
303 587
569 839
347 784
707 828
223 870
52 234
555 332
934 688
666 811
422 425
742 542
729 984
921 130
619 830
960 254
19 526
492 520
78 390
254 126
467 474
328 892
398 364
671 393
390 158
332 772
814 86
64 612
160 548
870 668
884 94
683 441
91 278
137 15
659 604
795 363
494 752
694 584
652 889
475 548
959 304
671 720
453 914
679 44
433 715
412 78
351 607
790 316
357 135
458 775
517 556
59 212
581 606
62 795
589 348
282 756
916 694
236 628
612 387
304 602
375 475
466 744
608 865
678 16
906 801
146 246
280 912
193 913
206 233
67 955
841 544
458 655
665 177
84 635
875 785
10 208
785 511
187 451
110 808
304 81
967 643
720 234
707 48
167 238
115 311
87 61
639 312
94 472
761 528
776 877
72 13
325 560
989 978
505 107
763 116
924 70
528 920
530 130
124 45
225 754
71 452
219 264
712 111
753 866
805 397
689 216
220 95
122 866
993 874
840 435
543 844
39 443
7 131
469 776
332 321
233 610
553 961
359 2
61 316
357 186
997 359
622 471
874 994
683 687
541 798
454 46
436 61
311 911
93 687
736 860
58 372
603 880
942 238
608 822
837 351
737 534
598 652
312 584
795 724
345 285
611 481
399 191
819 398
952 451
803 722
418 505
939 821
279 430
633 239
615 722
937 186
340 802
437 523
380 676
675 315
83 803
373 862
447 948
297 745
953 95
215 983
191 989
445 700
625 557
434 448
847 461
366 415
144 313
1 123
233 578
78 462
416 783
300 277
793 1000
529 314
441 965
192 516
724 634
772 998
602 165
96 20
920 182
313 892
890 215
148 540
695 99
484 450
485 64
472 635
522 828
422 14
441 808
863 195
45 560
69 400
749 68
870 853
650 354
67 422
493 792
264 347
614 632
593 850
762 657
55 107
222 715
945 876
798 882
491 112
300 978
199 865
204 44
287 97
929 507
529 369
733 862
688 415
737 958
603 134
886 48
770 828
78 989
391 482
813 821
780 275
662 904
758 750
169 346
978 919
637 68
823 115
327 776
4 202
249 338
278 423
751 546
598 937
318 258
690 765
614 557
147 678
582 965
16 840
931 750
893 864
437 861
421 270
954 638
60 581
321 351
949 990
619 494
216 482
799 410
411 13
97 298
949 956
558 481
857 153
75 70
441 272
316 448
578 489
909 604
51 71
372 828
278 467
332 858
648 204
917 502
350 455
399 264
625 445
727 488
630 586
957 276
871 601
229 361
553 508
348 81
551 233
136 514
859 75
936 831
801 193
57 301
640 554
719 560
859 688
278 100
406 678
373 244
809 363
809 148
531 969
97 834
304 477
787 306
679 315
137 636
310 896
836 146
702 601
411 268
695 829
306 34
84 43
203 873
618 488
873 624
531 703
690 792
276 990
178 800
975 432
61 640
93 709
191 217
574 873
524 25
599 300
489 82
256 597
616 580
93 563
14 730
516 190
460 539
474 493
372 187
548 266
167 493
644 220
998 815
427 922
460 443
474 3
629 910
135 694
198 535
214 552
379 476
713 672
770 274
287 209
748 528
850 977
871 1
388 370
463 556
617 73
22 550
776 429
496 743
970 232
822 723
411 543
550 105
636 505
109 891
679 311
107 748
613 480
908 963
940 964
52 914
423 189
934 280
774 192
411 774
961 427
642 717
118 907
397 308
213 325
853 362
784 199
221 792
24 298
913 995
139 752
904 420
507 232
782 809
462 995
434 343
600 55
159 983
95 442
121 684
227 663
627 62
417 134
386 227
504 273
497 141
914 556
99 96
996 161
210 88
744 408
545 100
888 807
322 476
106 81
37 708
294 93
749 400
372 144
777 246
876 949
106 50
749 754
600 660
345 589
512 110
213 938
134 70
19 808
45 263
415 13
993 285
677 150
368 152
18 424
491 376
302 123
155 447
316 809
726 490
546 408
453 443
700 406
763 872
849 654
669 409
609 913
783 490
134 254
933 640
723 896
969 45
780 142
84 313
593 557
956 932
392 141
643 230
24 46
634 3
449 584
131 179
357 355
970 792
918 887
927 889
913 582
59 305
369 872
602 801
189 452
499 375
855 346
413 289
555 440
102 456
471 94
34 988
875 118
961 81
625 336
172 623
584 690
271 907
613 918
602 228
169 843
934 211
734 415
987 606
633 110
61 115
114 2
158 602
105 539
813 338
688 936
419 266
943 667
964 44
708 418
910 392
477 402
429 977
621 273
50 520
2 632
492 108
497 223
727 821
299 170
165 195
972 21
352 376
985 525
509 573
564 954
974 581
5 853
224 558
519 990
789 591
611 428
497 672
170 976
654 181
872 279
318 790
39 448
665 428
658 32
981 577
577 712
629 65
688 16
850 282
980 92
580 117
151 284
323 965
310 892
961 864
400 73
784 539
771 8
51 737
1000 947
731 565
378 210
815 348
951 597
161 733
967 697
610 616
304 259
580 107
465 886
290 71
769 40
958 696
385 473
216 487
188 439
396 384
46 430
85 82
767 903
87 546
961 357
328 152
643 419
597 510
950 74
83 243
959 945
257 472
43 833
987 407
346 963
316 144
816 540
234 59
29 584
510 543
471 467
560 218
991 3
284 654
689 612
173 13
553 425
846 541
710 729
647 492
976 807
955 906
30 233
723 692
721 211
908 941
227 469
719 555
966 28
88 920
109 264
580 281
479 824
83 3
517 904
853 390
877 744
158 912
620 468
952 783
362 253
398 353
590 848
589 448
812 350
685 455
803 285
742 226
487 576
700 342
162 773
235 590
293 57
165 376
70 368
503 599
412 515
908 951
636 889
666 782
653 528
192 108
740 876
524 49
829 362
539 111
298 753
893 508
307 926
513 567
188 556
255 553
964 172
224 127
130 109
985 206
17 426
352 143
869 26
824 414
814 76
861 680
202 373
61 975
27 752
301 609
590 665
949 129
646 855
773 666
838 352
75 842
923 640
203 939
248 794
864 144
479 90
960 535
948 99
451 453
20 363
717 173
132 383
731 931
829 294
278 932
568 847
437 136
340 130
931 708
314 807
131 977
588 29
648 156
433 234
646 279
689 286
653 435
103 839
17 448
364 631
58 791
445 439
200 730
43 182
677 602
38 285
382 975
724 2
589 370
239 796
633 860
333 851
471 854
84 120
222 875
346 926
888 329
336 264
506 246
213 758
904 702
900 685
414 661
780 576
164 377
528 36
29 780
419 861
899 597
529 807
686 542
993 731
759 643
682 227
855 804
451 529
271 892
530 973
413 38
498 744
8 33
10 668
611 433
68 612
122 358
197 447
620 44
609 767
21 956
2 154
906 611
11 127
208 882
189 786
737 29
24 831
706 223
14 398
139 253
810 270
476 726
84 79
395 665
602 104
897 58
601 876
567 25
342 226
50 180
6 359
774 163
210 626
908 101
444 393
443 62
643 380
684 811
712 629
208 986
458 727
958 873
331 24
825 388
822 984
234 888
601 29
719 673
658 466
951 495
419 713
696 632
748 663
422 347
528 634
770 336
190 435
848 218
215 348
399 938
935 442
310 561
664 136
516 873
724 945
18 967
533 757
242 998
820 115
865 87
794 94
236 200
4 843
597 559
3 773
133 839
898 448
620 86
150 720
576 198
435 968
163 669
179 418
899 156
941 727
506 665
197 952
895 326
556 880
289 759
590 204
829 696
937 179
792 71
763 830
454 908
139 666
168 8
864 453
869 235
469 638
58 181
419 966
591 784
818 1
376 594
760 412
387 406
309 755
377 533
770 746
499 447
793 335
584 934
766 874
581 337
411 152
375 922
967 418
626 646
835 55
25 970
746 653
379 503
763 563
248 579
303 84
751 214
168 919
294 896
927 263
778 308
956 993
793 378
459 560
31 305
873 183
923 171
741 184
964 448
277 680
982 683
46 384
274 504
969 906
134 635
1000 583
201 48
568 397
178 137
433 277
908 509
431 690
869 476
820 62
347 281
638 894
759 126
536 141
421 288
635 387
382 734
481 604
867 713
705 291
370 670
727 392
470 81
305 370
364 588
292 927
784 869
591 498
368 471
654 149
654 688
254 680
386 318
9 839
570 198
592 962
923 937
777 358
655 882
945 379
792 143
279 795
130 313
466 443
144 681
83 623
295 985
309 64
269 189
254 696
40 634
161 235
704 689
586 399
236 160
865 150
314 127
496 837
947 98
247 844
329 808
676 20
795 107
583 614
305 636
474 20
532 999
104 410
164 192
296 85
485 757
632 29
538 217
851 652
164 788
133 228
873 223
172 711
957 160
163 212
488 955
896 712
247 989
545 668
248 56
126 267
140 269
14 629
137 751
656 272
4 942
699 70
755 714
645 609
725 651
707 100
466 148
92 229
68 840
931 279
128 628
256 146
141 389
744 743
917 195
244 234
316 290
718 739
885 752
593 546
634 225
705 479
162 275
910 814
151 89
373 434
654 388
294 161
475 946
600 511
919 627
221 153
855 213
160 172
561 308
169 115
318 360
14 891
664 721
365 125
429 412
95 212
687 356
347 432
593 497
407 96
299 707
701 698
260 196
140 46
446 202
346 279
228 245
5 538
345 900
966 154
174 73
10 312
840 191
739 900
446 535
654 358
86 104
705 656
249 59
504 862
699 849
241 457
842 977
583 852
980 272
712 655
121 984
101 111
103 306
881 382
920 343
48 647
407 28
204 844
811 49
609 48
615 371
395 38
872 219
561 928
183 645
884 601
657 816
73 368
110 761
944 883
241 893
473 853
33 7
441 156
434 89
977 571
167 45
658 115
746 876
761 609
593 16
743 165
258 897
818 191
643 866
421 740
820 882
567 965
723 593
112 870
53 37
388 511
370 939
116 698
665 378
274 245
556 696
80 201
197 393
93 727
920 409
316 105
243 876
482 698
466 335
650 250
141 763
824 338
682 641
105 520
690 969
617 722
4 163
949 2
807 789
94 989
863 693
395 267
233 557
685 880
110 352
939 961
305 149
536 305
479 714
1 32
718 527
863 615
844 216
343 960
127 115
947 476
35 955
872 515
419 530
413 373
305 961
262 283
475 592
713 505
315 952
313 35
420 503
522 904
834 730
816 868
90 173
731 433
745 506
765 148
717 459
348 779
808 714
879 758
839 172
640 327
615 813
630 410
71 691
562 655
426 661
91 384
337 585
389 232
431 935
111 635
972 4
835 239
568 285
532 553
361 27
832 231
988 925
778 976
877 410
219 827
48 490
197 507
802 51
824 403
664 76
170 521
672 687
754 283
841 190
196 302
892 437
796 505
747 578
840 952
779 388
294 713
354 646
227 442
740 375
907 952
849 625
582 535
443 131
995 453
58 53
642 692
406 963
387 845
821 360
743 128
7 134
68 852
351 980
117 924
104 764
44 372
93 367
137 130
43 39
412 952
934 744
576 446
672 47
265 260
121 688
715 892
150 28
512 145
821 588
721 745
928 386
230 562
88 54
628 834
18 300
169 615
422 536
431 965
140 985
974 374
390 742
164 571
973 563
516 416
818 436
804 159
475 875
75 397
465 789
780 14
841 483
106 205
474 438
659 705
985 46
579 404
247 828
696 749
599 186
280 357
685 944
449 408
581 687
658 61
822 982
26 576
380 404
428 49
721 428
468 256
780 478
799 710
906 340
673 656
144 873
828 646
678 388
888 247
605 83
197 419
625 978
977 600
609 173
98 916
674 639
680 745
804 441
315 144
161 34
693 676
969 404
149 230
643 596
887 470
795 628
650 245
640 453
723 61
891 971
960 2
942 234
775 184
632 771
990 640
708 405
256 464
587 373
710 679
676 664
979 290
254 991
730 237
171 670
12 370
61 658
108 424
201 820
782 135
933 876
150 174
878 983
664 578
652 572
686 69
685 334
261 742
715 584
659 9
958 514
199 236
224 890
39 621
203 974
727 256
297 599
320 573
575 955
886 244
32 318
722 593
676 102
574 253
699 201
964 424
13 717
852 578
419 899
248 431
608 605
927 155
647 343
717 77
860 257
245 942
917 579
529 469
203 476
886 151
412 631
866 35
160 762
652 421
472 463
678 742
157 265
275 499
866 390
661 424
26 282
51 425
267 442
239 27
740 221
765 852
876 298
111 94
598 345
786 559
586 856
639 828
634 767
378 852
399 585
879 237
158 584
852 673
288 695
456 388
625 90
836 320
497 179
560 552
622 391
217 958
195 467
38 788
102 698
354 142
727 463
381 855
386 464
888 465
412 846
255 785
824 94
620 285
579 755
174 251
764 804
430 78
335 146
992 896
64 639
731 500
469 264
225 564
54 189
592 752
961 966
475 971
355 718
581 18
488 424
374 97
391 266
803 183
481 697
557 493
680 800
688 168
511 929
597 122
791 737
492 622
265 244
138 106
531 580
50 133
355 870
112 840
702 695
789 311
462 682
761 390
306 751
981 567
331 775
246 976
6 196
755 386
224 334
530 654
779 309
407 859
139 660
555 802
498 669
570 400
733 711
419 194
885 532
178 654
970 784
90 860
811 321
804 102
876 916
903 672
369 767
106 605
953 118
748 804
316 787
941 376
310 202
3 414
684 750
694 318
50 298
518 989
227 896
661 133
952 757
310 947
301 251
371 302
137 167
495 373
67 115
848 175
731 209
56 333
269 387
429 354
411 803
883 386
829 118
96 363
647 350
881 9
814 783
320 647
955 23
916 321
445 506
154 515
65 992
607 351
943 114
921 44
205 942
23 169
717 480
469 736
196 513
463 883
693 439
108 1000
876 97
353 401
99 102
386 451
409 600
194 564
487 650
919 753
100 726
660 936
541 853
50 587
839 405
332 464
773 244
393 356
951 775
365 551
43 500
406 822
726 407
380 90
301 762
67 632
396 248
804 722
396 784
74 587
340 596
500 625
405 998
59 843
156 452
94 543
97 637
676 965
790 612
696 397
236 54
93 994
974 261
711 217
896 801
744 98
220 342
588 658
335 954
7 517
95 520
609 778
824 486
565 928
161 384
610 351
668 624
551 876
970 174
58 261
879 555
403 735
324 915
596 72
71 464
912 877
603 610
570 330
768 88
775 862
684 186
74 735
555 495
765 290
31 416
152 972
412 612
320 980
650 509
201 367
923 462
41 583
211 164
314 356
179 583
112 41
828 837
379 785
908 788
264 794
209 420
293 821
331 904
957 602
93 189
422 619
21 760
850 333
826 629
119 274
861 343
107 328
526 689
525 586
234 489
776 444
490 306
596 340
157 791
768 987
599 334
558 737
508 41
510 225
62 484
885 792
451 821
165 521
1 38
362 81
603 929
359 85
831 348
24 610
389 824
777 679
878 559
531 982
812 673
600 367
341 241
305 12
521 62
677 84
127 721
571 926
902 904
324 750
870 8
48 994
802 479
676 443
819 853
74 165
675 571
585 588
140 280
386 222
606 800
151 400
672 872
580 470
529 895
961 979
192 392
451 253
273 598
780 512
139 249
987 135
97 396
542 12
265 341
650 635
376 734
941 330
942 778
582 602
436 138
589 357
981 595
467 940
374 25
910 294
39 744
502 624
748 757
692 556
908 531
442 968
37 599
845 340
815 453
549 226
376 841
129 298
214 605
763 822
256 631
890 287
877 283
714 595
297 865
90 372
580 310
403 751
174 233
904 619
499 974
713 900
85 420
843 956
215 584
390 125
410 974
218 944
947 661
424 990
441 988
556 987
578 995
330 784
769 200
262 653
816 80
226 405
390 150
843 366
716 242
757 447
645 398
237 876
550 960
433 86
410 95
666 772
664 379
587 325
838 690
503 506
664 315
956 860
651 149
486 45
802 966
162 529
327 334
528 800
677 104
429 309
757 32
441 990
136 974
836 82
491 172
360 643
858 515
664 560
243 686
453 605
851 117
806 362
772 224
675 868
553 646
240 88
855 432
139 360
240 964
813 194
434 976
852 449
317 173
881 708
403 775
312 740
591 627
550 939
964 127
55 236
234 122
294 881
769 539
800 946
408 264
773 365
780 262
940 793
953 191
464 790
150 425
78 21
624 112
721 963
2 843
477 175
761 344
740 349
538 153
140 83
234 795
323 981
488 590
728 799
641 177
347 91
398 38
392 116
961 782
15 195
63 307
252 129
811 608
662 306
850 392
121 159
142 645
510 525
158 960
831 286
694 252
295 880
156 616
416 845
133 303
56 887
318 455
456 68
272 504
666 854
783 597
15 831
130 225
240 555
957 600
725 79
849 99
713 502
248 178
569 327
509 109
140 899
444 92
486 603
720 324
230 836
702 559
634 461
599 179
876 162
879 507
387 224
255 671
610 35
466 139
618 319
104 418
606 538
532 121
95 651
783 162
574 770
863 524
304 120
932 740
769 653
618 208
710 1
569 116
170 940
864 49
813 81
655 984
675 956
516 19
237 325
908 260
869 102
189 771
972 652
684 725
147 769
432 502
595 771
77 169
885 737
75 529
310 857
89 637
431 350
418 257
40 783
914 786
800 218
617 113
579 851
986 830
556 376
343 912
285 859
311 197
220 28
769 439
855 608
933 481
217 296
870 281
986 471
250 802
535 598
514 787
275 203
682 75
627 698
197 147
978 906
260 872
233 260
676 937
264 207
427 301
943 395
870 716
268 389
732 463
161 980
170 440
96 578
150 183
818 370
647 325
288 366
233 323
322 675
781 23
359 518
173 712
449 555
658 408
951 937
459 941
993 583
429 636
366 727
724 473
38 101
782 324
650 262
895 211
665 452
994 70
912 805
898 766
105 161
127 366
597 17
155 824
271 267
651 605
436 914
320 401
323 425
368 572
194 847
107 826
807 861
556 228
662 400
35 181
418 737
863 304
202 979
616 551
170 358
595 251
727 11
706 397
26 477
388 543
20 334
954 880
567 56
366 24
764 573
875 732
103 88
363 313
30 493
764 14
525 159
954 847
19 251
737 164
524 341
380 157
313 613
339 579
261 643
699 635
278 325
373 211
932 259
730 350
489 871
206 566
476 923
514 438
641 327
962 229
845 560
923 450
945 705
6 585
600 136
280 20
530 24
510 61
666 813
90 215
410 417
446 798
366 934
385 82
286 513
131 174
375 219
348 383
985 809
505 987
139 577
163 868
396 718
723 944
806 898
620 941
433 124
550 364
445 502
382 859
800 68
520 749
47 567
953 362
497 57
63 638
472 422
995 868
139 147
279 431
156 330
575 904
920 932
120 340
60 378
197 282
351 882
262 159
866 991
642 316
814 724
427 196
730 326
869 213
276 809
404 23
985 225
461 884
280 190
182 487
932 827
620 39
942 361
997 947
151 143
945 447
115 137
105 215
938 569
54 847
39 52
413 521
604 444
9 975
555 102
208 144
746 572
12 322
445 800
846 199
980 14
681 731
926 195
516 259
457 887
288 533
566 244
84 439
68 503
543 865
47 984
209 886
526 595
954 462
868 431
982 764
453 786
679 70
803 40
248 984
968 214
161 850
19 63
609 867
819 85
424 657
9 101
641 748
243 96
450 839
960 82
756 561
268 62
793 696
16 238
54 47
831 554
103 942
49 583
662 601
649 366
461 677
154 914
295 451
880 161
975 890
942 547
269 60
681 30
185 747
216 111
452 760
542 897
921 151
952 332
906 634
172 384
268 658
572 641
835 406
