1000 3512
185 171
245 718
60 173
521 338
489 222
876 934
122 849
322 922
729 304
534 45
90 193
589 195
656 764
489 958
866 663
575 67
307 661
300 556
498 839
347 588
461 640
176 602
194 819
418 925
956 537
605 988
540 975
276 632
740 642
89 422
761 854
361 667
59 469
140 713
128 858
113 746
409 643
49 252
970 306
581 431
97 630
700 973
541 546
554 854
662 887
494 70
609 941
977 649
233 850
394 43
337 486
242 862
283 752
374 619
983 988
931 608
433 551
993 846
193 303
394 485
110 369
613 845
65 760
456 935
707 748
893 533
580 586
27 624
284 295
706 766
176 433
207 86
302 779
910 157
375 825
405 549
429 351
952 679
877 966
856 924
602 770
207 269
989 285
238 262
591 852
874 269
433 45
870 699
782 478
68 361
769 673
48 375
451 464
111 29
970 108
563 235
929 318
696 946
319 137
627 618
837 195
566 604
410 158
593 758
626 694
573 953
354 667
60 344
193 524
307 301
623 266
276 793
511 78
782 125
20 100
259 882
194 667
565 456
133 365
769 289
248 959
256 878
151 831
866 759
679 928
639 163
282 193
297 151
106 60
842 549
336 2
102 451
324 478
597 925
690 175
352 540
728 418
613 146
81 872
938 704
881 135
897 488
694 871
867 396
214 753
900 39
128 507
882 826
884 150
472 706
813 273
453 855
66 857
582 910
472 947
886 451
443 659
4 502
831 941
854 829
912 355
274 723
590 627
327 177
894 260
468 266
790 957
923 544
87 768
61 132
656 461
656 33
319 503
736 176
566 477
730 779
782 933
949 98
284 331
793 62
477 586
682 925
106 671
707 440
125 274
806 677
715 154
415 480
259 843
396 958
646 633
633 632
463 452
187 888
234 347
904 517
467 807
612 243
964 481
469 31
963 971
740 327
870 520
448 106
960 627
649 412
170 843
914 393
655 765
443 671
698 428
843 310
928 635
13 230
69 993
232 143
106 91
73 282
147 244
626 685
243 766
578 905
739 53
323 244
621 876
233 782
382 64
623 614
161 936
762 871
667 599
136 511
266 37
442 30
836 370
167 191
379 335
623 863
292 189
401 558
89 620
102 95
175 753
482 183
608 812
463 176
893 279
595 107
842 897
204 900
460 502
361 304
220 839
789 66
118 673
167 954
921 337
920 919
224 12
349 307
283 978
685 5
266 997
341 696
441 989
790 549
85 270
50 296
949 196
155 484
682 430
417 248
344 910
311 262
672 895
294 993
740 287
305 990
256 925
848 793
465 819
221 143
348 537
42 215
451 168
661 555
905 772
248 804
239 98
250 319
902 386
631 305
735 815
726 512
977 85
247 354
796 928
496 654
413 181
155 136
651 679
173 506
214 455
849 930
65 853
756 594
571 88
738 119
184 298
487 20
559 50
433 594
890 616
674 9
485 735
507 650
941 845
607 892
865 361
98 904
24 626
350 286
584 273
460 367
462 135
265 894
353 944
942 425
172 156
877 673
357 641
239 263
28 229
264 703
881 240
925 461
350 399
814 984
906 98
870 215
190 166
3 841
902 846
280 918
317 532
403 614
236 777
613 184
823 437
964 804
111 131
586 941
79 901
229 247
674 388
164 678
588 345
567 734
602 371
777 666
27 188
813 868
362 800
122 810
342 341
545 23
863 859
321 988
222 340
873 551
739 330
427 431
133 866
594 901
288 62
376 910
154 227
327 652
117 22
444 99
809 483
539 558
415 172
468 770
461 892
904 442
947 874
272 174
614 71
335 333
405 62
901 373
184 133
227 877
939 634
593 887
792 638
353 770
958 523
637 26
144 587
251 731
561 525
385 940
929 201
162 962
838 921
907 673
587 198
42 989
95 301
934 824
460 270
535 327
883 372
985 907
170 268
140 311
660 9
40 424
773 657
15 138
735 289
157 919
894 286
368 867
364 474
383 608
93 737
35 629
737 264
128 675
300 162
618 365
300 4
643 903
52 133
133 745
673 449
567 290
152 69
92 409
164 276
703 755
893 829
137 9
376 576
192 412
66 944
362 716
500 168
1 547
72 603
531 491
787 253
978 807
246 877
574 986
863 983
693 342
634 965
33 374
346 80
583 477
865 547
816 464
475 897
721 158
705 468
276 372
562 911
952 641
124 911
291 232
357 546
933 968
28 555
146 205
260 448
732 767
990 969
825 306
454 656
840 998
811 794
608 284
166 300
269 720
524 578
262 323
941 803
57 377
593 229
364 28
778 940
145 427
853 982
465 476
188 309
187 557
767 160
679 889
845 588
965 947
31 722
394 533
433 712
514 678
250 654
796 938
223 445
166 318
289 193
123 909
438 677
481 947
693 180
272 381
916 123
977 433
101 320
847 717
429 780
506 224
364 454
279 127
678 31
719 906
471 613
196 825
255 907
909 749
466 218
147 840
980 597
121 261
937 970
274 272
509 623
824 28
450 334
961 22
436 66
417 895
219 213
999 96
284 37
720 70
508 517
125 887
973 11
697 498
412 314
448 895
578 175
374 803
587 33
649 67
325 872
214 970
813 182
966 930
210 415
393 833
915 146
315 275
735 659
515 450
318 237
802 646
865 546
33 956
743 364
658 680
157 143
865 933
369 47
23 134
919 713
832 767
189 257
793 513
133 499
84 517
430 421
162 494
214 502
354 353
524 600
927 726
213 759
25 380
216 305
881 905
227 663
112 968
381 691
63 277
736 361
260 591
281 929
148 809
478 615
322 629
162 765
383 196
165 909
424 769
679 554
199 914
236 537
276 484
542 668
102 473
959 807
782 99
332 667
942 168
467 714
31 774
32 254
485 263
91 612
3 159
327 143
909 716
943 568
567 452
515 735
674 4
768 293
374 262
702 267
332 168
743 214
418 768
173 69
609 975
832 949
882 936
773 760
650 106
937 209
710 212
236 871
920 413
209 150
936 206
74 489
445 564
596 674
461 443
792 873
67 322
164 73
758 425
170 565
148 87
976 67
952 298
852 735
215 714
781 721
45 372
617 401
214 650
300 371
807 788
159 719
316 291
256 599
66 320
112 752
115 851
94 242
520 887
582 780
677 492
404 381
835 43
999 247
565 75
630 582
404 164
36 208
182 645
209 153
637 216
405 518
371 877
305 315
103 677
89 850
194 283
693 158
682 409
446 418
826 50
129 70
675 408
437 532
516 966
460 339
148 761
221 91
861 694
589 104
305 469
238 580
476 434
963 276
240 281
570 25
44 419
972 245
17 710
507 98
192 404
189 370
879 455
754 118
448 392
880 658
104 519
472 963
685 844
712 587
982 822
447 325
877 335
851 523
907 261
216 786
492 386
350 72
319 487
161 744
555 577
48 918
927 261
132 533
606 863
376 36
97 296
132 573
616 265
46 66
295 170
37 145
402 653
327 254
190 390
530 892
640 294
778 164
928 712
488 745
940 311
812 451
606 833
220 67
419 447
782 549
392 643
327 431
713 12
509 83
901 897
165 15
237 928
225 33
806 617
148 38
494 756
614 394
649 160
313 319
806 777
964 352
367 381
152 893
831 817
732 495
779 974
704 781
876 620
118 836
192 699
143 755
394 335
495 943
162 872
462 962
633 426
878 720
63 551
733 657
365 506
270 600
554 159
151 517
644 177
205 364
10 506
841 200
430 522
59 534
330 737
197 390
658 731
467 221
941 206
884 134
695 207
657 754
522 377
621 787
3 139
666 6
771 136
112 308
853 341
541 670
733 248
913 976
929 101
322 334
87 735
550 131
233 967
757 519
433 31
474 616
235 868
673 359
104 79
801 443
586 606
984 214
696 280
780 580
895 195
833 840
547 121
210 680
87 850
558 790
29 566
843 116
256 157
927 231
506 147
271 236
167 306
501 405
333 501
11 589
941 775
560 154
242 698
941 69
762 522
371 442
509 873
879 261
374 758
877 340
70 200
454 515
72 666
139 561
296 559
216 506
560 244
757 140
308 721
799 148
582 538
994 111
535 752
882 188
271 175
395 11
443 404
176 541
266 514
992 634
594 53
136 725
481 840
923 258
567 771
544 689
225 830
871 455
918 361
428 520
216 867
877 503
276 930
170 542
689 862
566 916
245 755
566 878
692 359
227 235
113 385
960 738
537 864
582 1000
304 700
639 574
227 287
409 336
502 415
297 903
672 582
838 336
187 535
132 332
771 956
426 490
850 249
931 960
697 838
710 656
348 666
527 952
834 813
767 507
231 569
745 609
150 786
403 507
210 880
530 643
289 522
967 467
264 12
777 276
957 679
140 407
118 536
694 21
924 914
825 159
108 94
384 238
946 271
350 409
3 688
204 64
203 277
236 692
967 234
540 19
289 422
842 768
745 205
738 184
52 479
711 587
941 837
922 624
406 259
485 935
862 727
42 161
725 618
695 865
731 194
581 420
672 733
115 307
781 267
769 152
647 215
916 88
218 683
775 636
74 328
685 972
437 892
924 826
135 180
614 923
749 646
267 923
174 406
498 964
505 567
300 330
518 613
909 929
563 539
644 451
184 830
969 860
339 257
567 2
823 138
28 340
749 992
908 303
460 256
268 817
461 541
705 19
367 980
544 106
916 381
862 784
170 928
339 968
828 850
110 876
239 831
85 726
844 142
989 740
5 568
484 249
301 481
437 600
839 987
520 760
263 989
238 895
141 320
741 463
638 645
395 385
530 98
153 993
736 925
732 389
597 524
45 885
409 315
468 326
146 851
400 273
403 944
580 775
826 144
251 4
504 188
594 403
906 254
194 413
792 213
128 848
125 283
848 368
181 559
100 843
519 203
364 273
950 260
542 225
501 287
595 849
146 251
61 829
622 694
733 995
372 510
436 761
188 567
107 653
973 627
839 476
324 260
366 788
372 664
692 694
352 251
839 415
208 101
609 715
624 113
722 973
574 454
108 432
681 210
788 632
152 714
542 700
417 661
972 673
991 122
61 926
207 900
492 125
740 744
39 637
399 819
994 291
752 13
422 477
129 615
173 737
284 492
338 518
330 944
61 695
720 740
408 937
34 112
354 856
887 922
473 749
540 387
240 518
349 785
443 686
454 638
803 303
189 989
883 644
624 239
333 125
552 609
407 553
618 113
97 606
857 501
148 956
170 756
991 203
232 360
836 141
763 114
106 808
669 951
555 759
221 16
851 780
584 440
16 802
397 766
354 790
786 102
414 594
971 459
525 851
26 767
657 677
788 813
45 348
187 654
166 775
845 430
425 50
53 467
413 875
653 944
689 761
271 328
935 564
473 853
111 849
538 862
769 958
810 135
489 918
579 758
6 117
645 378
55 199
223 758
255 653
138 326
393 774
739 67
743 87
960 612
741 802
797 52
647 852
340 53
753 21
120 202
324 456
977 888
152 51
163 546
933 482
684 720
324 307
776 128
520 590
654 557
406 890
161 745
301 275
901 787
527 298
128 881
385 921
889 80
613 671
447 444
45 627
179 557
609 735
585 868
152 278
378 910
445 780
374 23
261 652
819 669
497 606
33 49
467 715
225 94
48 635
97 891
597 311
798 960
717 979
901 324
466 373
406 4
763 442
834 354
172 303
574 419
230 783
491 588
47 481
539 983
943 386
161 786
243 618
79 123
859 993
615 545
890 673
257 701
183 460
730 64
189 390
293 634
190 398
943 157
41 310
225 402
543 973
540 687
264 899
27 183
304 187
417 563
519 431
379 842
875 442
97 745
93 440
455 785
765 529
85 542
859 716
434 187
424 293
873 358
528 726
771 464
45 874
701 224
967 78
345 635
301 436
634 961
21 212
445 914
332 697
283 899
412 567
421 77
479 347
955 409
420 655
822 196
257 616
381 67
983 532
451 385
588 737
768 721
231 973
63 194
136 766
146 206
247 714
40 13
638 825
482 760
940 452
236 756
85 726
730 645
798 894
970 379
139 264
910 223
59 466
620 858
608 423
322 134
23 423
344 281
469 187
865 375
320 215
644 592
848 191
925 352
889 182
355 396
165 674
494 53
899 284
750 487
760 185
728 42
461 485
322 618
56 255
219 922
745 129
267 293
112 314
828 178
880 216
180 302
803 529
535 8
376 362
458 709
229 275
812 111
563 855
684 49
178 575
863 927
181 79
487 737
299 545
36 175
148 999
995 821
281 442
905 827
128 749
464 995
197 23
820 412
871 988
713 758
747 748
593 775
439 285
510 961
28 949
653 864
188 355
537 168
348 533
286 559
799 106
852 701
541 210
924 63
660 772
155 587
337 463
424 633
934 491
944 646
325 322
818 486
821 656
248 979
761 242
903 233
161 238
934 790
52 418
618 338
251 198
40 523
348 847
195 778
970 261
504 107
665 669
409 840
867 228
340 15
721 524
952 762
387 744
449 597
736 855
159 96
823 405
300 262
457 88
405 737
443 302
909 665
621 86
889 43
943 344
220 226
376 978
944 4
509 533
697 2
273 332
753 897
454 384
684 212
295 804
42 741
693 5
198 867
101 278
773 311
851 965
683 865
496 844
485 591
729 178
228 800
92 890
701 190
918 651
411 592
697 938
808 176
415 416
154 536
461 784
283 557
370 7
8 741
862 319
599 685
709 840
838 687
272 89
241 758
896 629
131 884
762 930
263 921
75 631
150 246
188 103
648 542
880 52
369 324
977 671
650 561
415 269
849 729
863 292
498 358
123 615
668 211
494 779
130 18
707 621
104 609
311 785
332 325
996 857
22 809
146 357
421 570
867 124
795 491
884 897
948 288
366 992
650 651
960 874
166 170
946 923
102 780
978 455
836 524
311 640
937 101
703 23
978 930
256 619
950 508
571 893
343 298
340 141
356 129
872 686
470 387
451 492
619 579
861 339
352 384
46 289
694 7
323 733
318 471
586 364
199 653
607 79
785 214
906 303
217 618
937 381
522 892
366 761
636 236
987 221
595 345
333 962
415 872
886 960
814 666
47 156
294 985
957 953
87 816
681 174
860 974
174 825
774 287
898 794
627 291
661 673
548 724
635 373
795 750
268 731
510 829
677 95
515 127
136 432
315 762
448 505
52 574
38 381
168 483
279 873
126 552
737 289
227 799
130 905
869 967
801 174
229 32
992 245
118 754
962 280
453 390
185 68
862 218
853 165
396 265
815 991
711 976
669 481
37 261
814 605
946 486
41 557
776 476
440 713
827 729
854 895
854 884
365 20
418 598
450 863
929 420
308 983
445 451
95 713
659 552
445 258
430 471
684 329
534 47
524 546
690 592
520 834
251 257
149 151
935 999
761 116
187 127
356 595
55 894
107 838
477 189
436 117
444 383
172 139
505 943
721 339
232 434
109 370
216 253
886 682
577 457
771 167
189 294
435 519
9 867
754 991
322 95
860 945
635 149
871 834
755 72
326 352
802 980
15 76
753 408
687 720
626 284
508 253
159 323
114 445
318 915
883 457
311 173
927 27
727 212
395 520
550 776
966 899
323 43
722 944
743 470
425 83
743 952
210 64
127 244
681 305
147 794
895 857
301 747
466 407
619 952
459 497
224 156
970 23
850 854
694 640
989 792
390 362
585 147
564 906
807 982
899 473
557 401
930 137
437 349
142 970
921 464
834 437
822 19
808 331
300 59
50 333
425 842
584 485
748 604
84 740
917 407
120 411
348 208
856 960
698 974
630 706
264 551
860 152
32 764
657 476
909 458
907 566
386 822
169 492
824 990
288 321
712 709
353 160
911 375
993 798
443 796
340 127
768 501
755 385
216 575
200 92
828 87
302 416
669 45
703 848
610 116
357 776
898 986
383 204
356 116
105 514
8 591
746 956
170 194
24 312
265 129
434 785
748 432
343 455
887 202
760 575
879 273
604 802
849 782
660 517
155 413
846 150
787 814
819 83
48 689
344 240
38 482
89 980
217 195
443 417
697 614
318 607
954 746
771 87
11 84
568 511
364 342
644 763
684 746
346 228
203 567
393 13
764 492
401 321
721 251
297 485
654 600
976 880
77 518
517 260
148 318
347 806
728 266
401 64
26 118
174 981
250 712
740 721
601 161
603 565
832 770
625 418
803 784
2 716
113 408
972 360
727 531
866 283
39 258
945 69
380 315
621 102
768 90
559 824
734 480
146 186
263 696
783 909
604 396
85 291
634 231
314 337
893 469
962 798
338 724
343 491
335 291
532 446
91 937
335 21
572 686
914 237
954 868
959 140
658 22
918 749
93 813
156 517
109 170
30 472
157 48
760 898
4 47
602 159
98 53
421 747
932 704
558 775
131 932
105 211
305 846
658 402
57 572
141 685
315 62
937 780
543 759
445 601
710 599
633 504
815 43
147 647
293 649
828 347
555 286
994 382
432 622
370 996
126 361
886 205
963 336
540 593
967 942
690 668
896 635
3 815
822 449
441 8
98 124
359 174
951 215
253 999
871 719
124 814
243 438
445 942
627 22
901 873
420 980
633 875
642 96
9 996
558 346
766 267
872 884
611 361
777 880
596 87
572 81
994 831
316 870
770 572
102 295
348 26
882 973
88 286
86 297
581 742
44 675
922 53
233 993
285 524
516 696
736 413
164 703
749 71
119 21
596 392
145 130
885 710
201 234
716 347
347 412
401 177
821 52
708 399
657 186
609 521
250 813
603 666
952 792
426 5
248 990
893 535
510 560
518 539
648 437
12 188
357 296
992 3
390 284
577 836
272 845
859 944
714 107
367 247
758 611
98 540
25 336
43 355
892 74
74 331
480 1
953 657
262 74
355 157
565 194
635 282
231 814
389 613
137 752
514 828
163 423
294 392
464 600
648 361
499 540
697 66
396 407
367 797
240 716
560 722
52 400
426 23
124 127
239 562
313 715
129 771
929 212
953 582
862 573
844 231
670 741
41 549
557 329
157 294
671 489
975 186
547 925
537 865
897 410
587 469
491 750
260 196
369 357
378 370
210 122
701 944
992 342
173 396
623 717
514 619
640 395
37 111
616 138
472 68
979 148
139 40
828 783
628 538
161 247
70 435
952 868
818 954
773 924
204 202
980 877
6 404
496 150
315 970
90 117
657 433
861 845
804 602
378 229
826 194
131 942
699 117
829 677
721 617
871 897
520 801
557 479
836 37
881 27
461 883
221 893
690 56
225 632
404 611
711 437
892 709
937 103
957 83
395 933
26 921
893 393
644 483
805 530
215 953
311 636
204 405
480 589
229 80
548 789
194 344
421 609
146 458
689 4
908 37
677 3
398 543
327 11
964 691
291 170
81 811
574 371
361 124
181 692
244 534
923 940
112 385
770 418
97 758
9 335
254 14
865 666
696 355
401 806
737 154
886 569
10 958
592 530
449 828
611 242
477 508
616 154
970 3
749 84
82 732
149 992
619 899
955 708
69 191
917 481
559 428
366 356
82 183
866 999
766 590
893 106
185 123
254 181
3 239
583 406
374 831
593 90
640 76
275 474
923 290
63 561
275 25
966 16
234 140
698 761
921 292
869 713
827 595
656 497
33 820
239 142
99 946
802 120
200 351
876 363
287 546
708 696
782 136
91 206
840 591
423 634
535 975
588 21
112 655
582 515
692 88
793 120
568 749
124 440
725 655
839 181
914 152
694 503
14 840
169 105
100 514
36 51
910 880
471 25
295 463
200 944
626 2
364 914
465 592
267 574
459 984
138 723
320 237
6 501
127 119
142 221
455 611
603 533
731 611
912 176
319 942
639 287
98 683
325 439
116 481
495 193
404 222
880 638
22 202
978 786
414 517
8 257
803 845
348 76
857 438
303 626
837 637
6 849
324 266
635 133
789 894
991 506
616 203
873 743
372 506
510 721
103 218
220 366
135 723
437 221
280 103
174 572
280 522
345 430
552 129
891 587
979 896
372 111
997 152
267 155
722 578
362 737
880 423
287 648
590 681
577 866
941 759
178 745
527 151
887 759
256 305
525 428
115 476
886 218
82 68
217 531
506 948
137 363
59 199
753 422
573 832
230 481
219 439
265 420
151 871
780 108
314 429
591 308
785 48
852 4
25 135
812 503
305 956
95 716
497 876
251 920
263 135
175 811
917 997
91 806
795 371
839 121
524 266
845 236
979 299
324 998
847 718
861 97
867 78
274 176
658 363
609 441
542 915
906 370
660 547
532 619
597 177
70 252
257 874
976 848
800 262
858 228
878 770
805 334
167 505
402 482
899 391
10 240
359 644
16 936
23 483
108 929
644 372
899 222
697 996
53 749
998 31
614 172
168 374
752 972
231 776
382 811
882 256
629 723
562 876
24 736
934 652
473 887
174 648
592 799
399 315
66 881
5 625
271 643
389 41
43 942
929 976
276 308
810 7
501 894
451 911
827 138
362 286
57 323
401 859
250 360
877 423
355 424
902 613
999 978
13 62
700 383
499 571
506 383
92 900
732 12
777 165
878 153
923 151
610 346
483 627
716 475
170 913
615 26
965 841
363 264
885 91
66 966
940 600
816 143
236 927
936 228
231 274
542 533
511 945
911 783
306 219
299 691
62 330
127 999
28 875
26 46
674 285
433 924
555 14
640 237
997 611
381 403
671 287
34 760
478 941
568 869
630 976
852 301
620 835
850 730
372 744
501 751
17 661
374 196
241 945
879 238
381 711
902 622
282 378
374 814
240 151
773 268
330 443
986 771
358 877
891 748
734 712
936 306
604 73
715 137
505 531
458 258
340 4
5 89
222 780
379 754
939 798
106 650
414 102
634 238
663 647
425 586
350 662
6 799
281 74
722 458
566 502
647 370
515 561
50 252
464 73
692 377
885 486
468 517
576 767
871 49
885 1
305 274
167 925
1 549
541 779
504 353
503 6
159 396
437 91
382 322
141 978
19 176
941 119
545 420
813 576
345 598
756 609
572 757
657 389
924 649
850 183
848 108
608 61
710 486
182 459
960 854
236 23
575 599
256 366
879 948
491 205
685 589
749 368
465 924
800 474
336 465
501 438
352 10
305 150
500 504
619 808
449 362
992 870
136 276
458 52
168 291
489 124
551 762
125 275
787 1
965 363
734 327
706 1000
651 497
886 146
360 787
19 750
383 822
819 940
533 494
450 335
221 55
286 215
137 551
685 763
277 461
270 614
350 238
612 208
435 513
769 785
15 539
652 727
56 538
692 485
762 479
769 236
726 319
514 524
134 677
840 72
913 40
275 62
422 838
393 828
418 897
536 42
320 478
495 168
371 578
710 457
159 444
454 894
39 50
486 443
808 95
413 778
289 76
94 448
58 525
10 351
371 941
632 17
797 742
869 39
299 928
639 465
504 110
212 12
283 944
683 709
138 733
631 614
391 765
164 391
981 766
310 642
220 278
522 242
741 870
290 52
962 838
898 276
729 560
262 152
220 199
751 718
224 374
250 240
411 274
456 170
423 352
756 717
502 351
580 119
91 552
940 663
547 51
299 395
581 179
448 545
143 847
773 512
478 951
818 80
748 708
596 388
864 720
772 286
29 951
612 566
765 689
753 546
462 369
380 754
51 735
723 585
683 193
781 693
981 770
113 79
172 29
597 311
258 914
339 855
450 989
937 715
733 397
638 999
352 376
661 795
903 859
60 30
361 913
658 703
556 953
80 803
701 259
576 391
54 270
701 273
983 54
408 938
296 6
363 843
893 493
800 632
318 639
904 358
796 409
873 856
750 298
332 338
338 432
218 303
291 1
647 763
643 626
291 565
951 804
694 732
315 903
384 90
563 909
185 48
107 147
967 536
1000 967
214 29
13 986
355 456
121 314
983 82
263 488
110 560
418 49
168 253
528 54
373 336
942 65
829 649
537 788
754 938
665 663
632 407
335 347
332 921
468 282
378 72
142 214
530 858
374 13
682 480
43 111
237 373
113 155
683 891
922 523
679 995
73 319
664 360
454 702
553 908
931 255
333 521
133 778
332 51
86 911
875 958
260 889
120 995
618 239
844 337
923 604
303 968
907 20
150 405
978 200
571 33
36 801
447 283
613 871
37 23
346 198
769 529
377 22
396 432
414 15
301 525
62 552
871 547
427 708
278 118
645 826
355 289
670 166
834 73
677 416
78 157
152 325
275 986
19 11
715 520
463 511
682 403
121 3
79 754
121 250
472 638
619 480
981 930
397 903
987 678
654 1
51 93
968 142
297 404
57 157
829 961
283 109
573 929
281 871
427 442
19 642
148 542
182 365
917 952
25 397
950 895
774 512
494 296
347 812
328 985
679 949
184 901
297 412
93 132
423 288
495 534
9 303
448 845
928 786
447 23
770 161
667 655
598 963
484 158
955 399
414 76
253 267
968 701
710 658
793 208
526 769
856 299
566 223
340 74
254 415
495 793
706 456
479 157
204 200
634 57
824 688
300 714
992 244
865 409
683 590
914 495
382 951
884 783
820 799
921 547
736 447
977 987
954 155
567 423
233 165
37 921
371 229
379 539
727 51
677 19
113 380
68 132
611 232
879 338
460 374
119 935
682 582
589 555
191 438
128 295
199 653
461 321
23 9
907 996
313 546
169 530
353 731
527 238
904 593
254 878
642 565
13 893
310 943
97 187
803 278
687 879
299 491
751 466
331 126
178 583
853 932
983 761
988 649
885 988
553 362
231 700
847 827
33 681
592 219
229 313
389 870
783 822
749 374
848 749
731 94
597 418
421 852
765 996
436 627
779 833
502 375
443 199
89 629
639 721
573 371
87 408
721 15
175 35
666 304
498 431
645 880
736 602
209 795
497 581
332 710
933 229
111 874
991 371
797 719
285 880
335 558
489 701
18 418
807 392
435 787
793 545
393 851
947 804
250 148
778 917
119 106
884 211
223 393
83 760
193 239
718 233
332 918
260 746
606 879
995 911
152 584
905 638
555 894
371 679
447 792
223 216
637 727
959 773
215 984
170 851
550 276
306 621
140 453
885 350
407 23
680 6
84 259
523 875
881 411
218 804
228 721
769 98
559 653
463 109
950 940
619 550
481 97
217 957
592 766
344 527
923 149
737 805
643 321
842 368
577 161
601 121
540 223
191 661
808 620
970 561
718 501
881 311
14 364
423 339
253 444
61 187
811 603
128 370
439 131
209 722
229 3
33 941
502 569
299 279
844 307
621 308
298 355
941 191
87 219
384 885
377 299
475 692
579 328
923 55
141 85
971 269
440 661
919 755
435 195
335 992
11 138
62 431
105 728
836 705
508 437
824 341
113 698
406 421
563 143
115 303
830 481
390 217
968 245
509 928
630 946
77 904
975 932
893 358
198 317
261 144
228 459
293 404
507 619
28 751
474 730
92 547
897 585
385 111
299 23
518 254
578 347
40 720
809 307
56 398
916 387
167 858
546 610
240 190
278 777
639 130
651 890
849 630
812 523
154 132
325 601
956 799
560 919
252 643
130 70
221 847
312 307
19 626
561 770
787 759
480 389
689 658
818 777
369 718
456 860
294 4
888 54
668 314
161 138
850 405
536 824
937 244
65 543
632 261
280 173
348 777
841 352
408 972
911 959
214 14
765 50
387 981
153 750
289 912
870 986
887 255
179 641
560 677
630 541
474 855
937 929
592 25
61 530
394 395
897 510
664 234
477 16
110 124
42 816
100 682
77 878
82 211
696 287
716 706
567 702
985 449
965 56
137 198
147 200
494 161
406 530
906 541
730 662
717 429
606 165
445 538
515 438
220 377
788 643
717 267
485 160
919 436
52 413
707 625
404 265
625 954
460 745
946 126
471 566
369 828
23 817
867 69
238 521
927 954
783 629
889 282
385 721
707 943
222 435
641 402
495 660
800 147
656 543
845 767
453 655
599 301
480 503
595 914
172 610
388 294
897 711
14 595
721 599
795 306
556 211
861 143
492 953
346 682
962 649
705 545
822 951
909 686
391 871
870 950
397 110
697 794
523 947
805 709
399 511
351 301
299 604
255 828
368 492
593 802
371 12
690 20
944 952
649 608
201 282
413 77
920 99
143 637
958 13
808 153
2 796
997 172
460 456
548 102
432 5
971 573
725 420
952 731
408 663
517 573
806 751
956 777
328 556
205 639
151 163
448 637
713 195
557 896
671 104
683 975
849 661
469 241
324 711
146 28
767 305
796 741
98 251
351 318
137 166
364 569
573 957
286 552
874 257
70 583
127 11
193 443
566 786
566 90
261 19
510 406
292 517
549 127
830 581
451 783
645 180
320 812
327 964
188 352
456 864
467 628
878 990
869 752
829 547
510 161
762 745
617 32
298 360
779 767
786 298
509 639
134 330
777 616
897 463
46 560
399 115
121 716
923 331
686 709
399 85
777 126
383 51
230 851
629 648
438 140
506 105
553 894
720 320
66 218
810 430
995 331
793 69
294 413
311 487
956 561
392 997
469 927
870 736
859 91
283 525
553 545
822 187
903 984
409 939
436 735
539 390
776 583
103 955
532 734
818 962
177 678
58 657
525 27
808 346
621 963
371 97
933 569
576 884
503 168
197 668
615 854
481 233
424 691
917 789
786 503
621 810
780 798
220 712
374 211
241 712
813 52
994 488
382 413
972 557
702 650
22 613
810 573
775 340
4 570
883 756
678 637
579 557
987 570
619 157
547 323
59 754
107 401
442 85
504 733
276 359
452 130
799 683
337 889
688 668
726 16
58 974
571 109
600 71
258 313
264 866
648 147
607 623
230 23
457 84
556 375
332 594
994 564
850 780
590 970
958 714
52 618
509 636
462 907
49 383
219 760
541 642
394 274
566 524
529 855
44 512
249 992
363 201
838 25
661 136
311 973
758 323
823 145
859 775
165 351
220 56
249 594
356 665
996 187
460 703
264 185
278 492
363 225
13 228
474 514
864 338
149 167
287 632
610 121
132 452
807 220
886 555
670 711
728 654
440 460
908 616
130 40
861 51
755 498
299 675
838 956
880 233
22 677
990 484
293 39
335 225
886 97
631 233
214 859
552 761
487 49
828 506
297 633
847 186
486 448
76 67
859 161
336 45
840 632
705 413
340 845
115 750
20 676
307 871
922 814
222 695
210 855
434 642
349 850
20 781
857 326
474 680
854 876
928 924
722 996
731 603
731 664
370 244
598 207
592 613
133 68
422 229
942 361
478 654
573 24
853 989
827 630
948 199
850 859
266 326
521 59
295 135
295 525
263 757
129 531
647 12
287 421
884 416
730 567
172 138
162 592
682 303
349 617
594 271
454 440
764 779
841 996
911 539
277 413
885 252
374 357
538 879
687 721
396 394
977 139
558 870
602 194
24 60
818 558
677 815
587 458
734 226
910 76
529 308
879 921
468 654
193 654
973 144
418 548
230 175
916 432
170 147
242 693
530 210
877 9
373 451
965 160
196 75
430 990
102 876
462 226
329 324
727 646
967 799
260 635
910 731
906 872
164 961
982 882
637 79
487 366
613 946
646 976
536 321
415 205
545 779
246 817
327 531
540 740
726 237
826 37
708 950
628 672
246 86
593 265
402 339
301 160
88 293
907 442
308 758
181 247
138 15
992 155
15 91
411 152
977 777
970 803
75 623
494 364
512 908
39 81
721 110
35 859
783 331
226 309
109 942
23 675
140 48
681 489
175 239
807 257
729 3
130 255
501 168
517 61
361 403
76 181
725 39
106 375
200 489
920 199
536 710
368 183
315 902
433 72
177 821
873 201
754 210
299 70
701 747
328 337
104 971
934 350
175 885
570 907
664 491
991 386
869 635
118 944
896 142
949 232
96 968
559 804
18 656
420 963
234 378
38 627
175 220
963 675
244 685
148 185
166 678
166 48
49 375
194 886
785 576
58 793
435 89
236 597
730 640
341 794
452 662
906 12
432 139
538 779
668 214
513 749
647 791
830 928
102 474
167 50
359 697
853 461
868 444
300 443
991 716
757 978
580 962
602 776
111 219
702 437
103 878
610 234
827 174
955 429
692 53
493 707
242 916
