1000 3993
39 2
1 136
260 586
327 746
842 403
466 522
426 788
520 170
704 247
785 427
525 957
414 669
900 602
355 24
18 893
650 128
876 454
259 904
904 858
586 454
97 703
917 297
466 828
462 741
903 396
544 765
769 572
895 391
6 656
892 228
253 565
844 394
1 667
921 454
6 850
435 289
832 269
15 176
487 719
853 346
997 332
325 801
386 762
412 668
624 442
370 499
394 234
747 38
449 800
415 632
106 385
903 260
338 761
867 670
350 155
656 700
64 883
351 658
693 944
721 914
753 390
488 980
590 595
33 116
175 713
131 804
570 346
895 234
321 184
500 816
285 115
533 647
613 121
872 85
810 304
551 742
39 159
211 373
590 878
231 230
235 830
100 897
914 387
332 728
180 854
583 502
34 165
898 97
924 958
753 131
351 652
597 179
432 162
296 982
644 761
379 334
632 496
704 373
549 709
920 831
117 16
916 135
821 77
206 768
428 273
704 223
748 838
867 616
987 320
383 610
351 148
825 572
789 874
363 534
749 786
962 41
520 149
988 549
218 984
123 239
971 89
278 77
938 906
260 839
356 377
831 428
783 568
160 940
434 652
473 323
522 601
809 414
979 537
509 750
269 130
460 47
140 714
647 439
132 210
195 480
294 436
409 892
155 132
180 838
450 834
792 707
436 634
676 708
482 498
671 463
555 203
68 669
956 579
16 167
835 697
676 304
386 162
601 572
37 322
42 121
272 465
958 733
227 587
827 214
557 927
784 651
362 977
212 902
981 260
670 713
919 322
562 104
536 713
928 129
850 221
507 310
154 334
760 745
306 301
144 825
937 581
413 883
570 103
591 500
443 308
761 214
569 855
433 82
280 964
362 619
805 164
575 763
440 854
805 584
889 374
168 910
962 835
513 562
58 263
548 25
646 237
70 328
451 253
603 815
463 116
238 600
323 951
698 992
344 715
206 896
949 55
322 607
504 700
364 137
380 470
167 869
526 42
651 256
1 335
879 3
926 512
902 895
297 257
510 803
947 290
381 600
752 250
985 834
758 683
304 496
992 987
391 560
903 191
457 649
726 490
259 632
247 318
748 100
856 8
557 911
497 346
914 548
77 70
380 490
153 420
596 392
658 801
383 391
923 414
232 826
34 57
571 807
245 240
99 838
415 159
432 10
119 76
691 425
986 658
472 636
735 352
67 206
469 244
831 558
441 515
135 73
211 442
142 734
424 86
728 738
540 988
386 656
88 462
835 703
902 634
934 267
386 140
62 510
118 603
380 407
863 647
301 402
311 126
359 53
199 85
251 721
216 727
276 683
450 455
701 568
530 411
79 424
393 784
223 304
545 119
995 627
92 386
767 249
855 875
835 287
505 121
452 568
882 762
754 356
39 40
333 926
32 395
209 424
408 923
773 245
535 160
619 746
43 866
41 129
783 735
670 915
335 744
657 744
318 842
356 477
895 644
835 558
17 758
150 613
711 249
189 676
704 318
826 139
347 309
714 774
581 40
736 574
427 142
135 180
231 675
458 799
542 786
608 871
903 417
708 123
973 394
140 699
793 43
244 53
194 308
953 140
148 88
8 204
598 401
217 336
258 446
178 236
969 774
709 134
151 158
254 10
906 930
448 88
859 486
4 105
641 755
81 749
607 748
184 320
727 152
917 630
916 485
65 693
983 812
904 348
753 870
131 815
230 69
483 992
465 753
675 255
791 893
213 409
594 456
884 203
714 242
69 224
359 753
908 366
596 762
739 738
586 685
586 788
528 126
78 229
113 572
329 915
816 336
220 658
490 1
822 661
514 610
846 703
771 245
24 819
153 560
747 600
261 109
48 358
764 604
892 812
100 778
764 672
169 464
179 560
795 529
765 768
933 270
222 28
314 860
461 73
339 45
709 390
243 306
713 237
713 987
663 221
503 285
285 205
414 289
765 60
836 526
696 386
714 721
48 798
382 270
985 720
148 34
241 473
172 257
973 141
366 77
1000 459
440 863
525 874
225 536
479 28
672 763
674 899
417 445
934 976
573 997
442 512
950 892
933 749
776 96
78 515
668 504
338 775
649 552
58 146
356 111
90 581
483 228
160 347
404 69
556 70
563 330
608 342
974 855
667 419
496 920
815 951
775 764
495 193
439 539
22 126
99 129
716 392
944 63
514 91
508 722
723 863
17 357
837 190
924 702
106 716
825 380
270 271
755 236
166 17
28 310
62 631
97 685
550 274
584 222
1000 300
495 799
521 182
915 315
597 121
540 192
759 484
517 238
71 902
638 93
897 536
183 344
784 436
691 875
223 899
806 433
927 466
916 180
367 401
230 723
82 761
968 951
168 506
265 72
197 535
354 294
561 110
746 956
653 534
742 907
507 758
199 626
462 527
171 194
290 607
794 928
784 225
242 545
876 633
830 971
734 736
365 47
952 676
441 488
400 896
208 116
165 981
4 654
905 856
462 892
793 713
984 250
317 151
452 271
238 789
372 432
95 706
884 878
736 57
337 325
952 420
626 555
398 310
43 113
747 192
730 213
581 643
348 362
34 529
66 669
337 181
823 495
142 687
369 560
374 965
795 783
806 290
268 161
15 206
463 479
632 105
944 17
329 701
111 679
333 502
359 572
353 651
966 264
834 826
171 587
978 733
23 282
147 248
744 790
495 910
810 447
337 932
239 265
995 828
144 188
220 682
334 96
78 176
303 380
258 750
711 890
784 378
505 233
944 238
749 297
759 564
342 546
919 510
333 700
969 314
349 49
666 44
522 603
770 977
40 414
755 881
874 126
938 547
138 857
187 380
871 204
276 250
826 291
732 254
965 285
31 573
171 395
481 338
937 756
660 890
656 563
189 857
58 666
671 559
158 935
577 937
73 581
208 671
289 190
254 807
403 219
915 342
402 64
745 240
883 23
375 804
448 639
996 279
50 124
359 382
513 225
374 555
382 532
936 49
405 719
305 561
589 340
968 324
5 379
297 941
5 245
644 745
230 325
414 614
518 473
852 453
173 629
597 974
645 312
63 376
621 66
21 982
967 210
731 27
585 761
602 201
516 681
560 678
745 405
270 962
280 890
33 879
330 510
249 222
403 579
694 82
663 412
128 994
91 855
159 178
686 904
770 573
934 111
784 599
682 856
505 392
550 419
262 812
467 751
534 816
68 640
284 701
904 809
345 599
493 836
135 587
287 576
976 820
917 79
999 40
843 912
806 694
994 447
218 447
749 828
5 482
798 260
113 686
755 717
702 758
949 918
248 963
904 209
729 585
198 654
755 954
701 45
230 360
347 815
472 385
685 490
796 319
580 730
16 355
458 838
670 387
708 741
129 312
388 251
547 423
254 802
464 44
662 535
344 845
701 858
343 801
740 604
715 441
898 391
168 277
680 366
613 7
925 458
352 354
170 235
339 152
383 720
840 619
145 805
516 191
62 746
538 902
192 997
224 86
598 180
754 810
82 870
755 907
185 339
897 201
769 98
529 368
475 227
938 297
130 47
209 262
359 714
422 100
489 13
427 62
729 377
116 496
723 744
91 554
81 736
218 177
894 191
290 233
168 77
487 676
552 65
292 758
612 347
235 9
334 761
261 932
422 986
301 211
474 988
167 915
284 539
901 986
713 466
239 615
773 752
773 730
146 206
113 932
675 500
500 304
511 349
333 699
737 83
822 35
631 584
638 830
273 467
876 287
491 962
628 510
584 215
94 842
906 647
649 458
794 975
665 802
611 77
262 299
405 154
947 641
557 813
240 1000
445 960
983 367
926 924
122 787
585 938
647 285
665 580
311 848
840 366
464 367
543 458
208 622
84 593
573 596
203 246
626 522
441 170
803 197
851 989
940 837
269 654
270 800
657 948
903 593
825 383
251 843
538 951
668 261
41 487
268 700
82 34
367 430
995 453
697 615
217 846
33 141
144 970
46 678
769 923
133 61
305 875
931 639
868 52
868 969
619 8
316 839
84 629
405 753
47 150
462 557
646 247
925 356
558 222
439 986
404 895
592 495
419 254
833 963
351 509
693 678
755 638
873 563
355 935
337 849
559 800
323 755
447 425
432 588
230 664
951 945
724 151
70 630
612 911
817 156
923 362
766 130
857 821
247 673
290 556
478 231
309 135
642 383
359 784
713 488
869 728
81 322
667 814
742 563
881 251
245 336
274 103
222 93
384 302
726 17
923 156
141 744
25 174
71 155
267 279
648 40
304 56
721 167
683 416
7 407
62 779
882 800
710 621
224 854
743 228
664 983
719 398
103 635
889 747
632 680
385 860
336 130
485 888
410 314
994 553
898 856
91 90
398 677
111 131
213 242
913 346
295 30
747 973
763 72
943 677
525 151
294 498
127 670
969 933
656 555
414 553
693 222
566 609
918 157
978 414
52 184
932 940
859 872
130 70
801 613
506 446
19 504
350 362
926 573
790 417
861 83
656 806
691 185
180 801
363 735
901 686
82 829
743 862
918 247
755 684
76 946
803 793
85 447
784 933
205 844
427 985
763 325
6 504
87 957
834 142
605 535
87 688
945 836
140 707
257 621
144 611
357 278
311 518
729 242
65 800
870 529
320 572
417 807
124 864
186 553
97 795
744 769
345 28
99 972
478 178
254 980
967 274
790 116
177 512
579 848
210 142
156 64
684 104
679 865
105 977
700 66
73 717
578 420
495 167
925 119
662 205
133 139
588 104
582 591
639 684
987 515
29 755
426 940
408 355
926 262
993 389
788 281
926 907
243 460
458 939
721 787
200 206
523 543
953 904
698 67
135 533
329 696
532 323
430 813
269 668
250 646
3 735
664 329
650 636
219 105
236 901
684 827
591 296
855 105
581 69
852 651
812 813
893 517
545 513
67 433
643 183
72 922
327 16
418 208
518 750
866 393
237 940
90 228
524 171
865 852
488 769
568 336
621 300
94 109
791 11
112 146
243 628
598 513
338 226
885 674
805 579
851 287
704 715
306 887
365 756
850 530
364 188
855 108
319 611
548 949
552 163
679 248
175 666
341 573
870 760
377 599
583 91
409 613
522 597
555 777
814 826
334 742
438 402
64 555
46 156
133 301
73 534
326 107
703 64
32 743
665 428
682 765
91 635
691 281
612 697
140 813
953 61
339 428
510 283
672 412
876 512
857 675
404 658
680 584
727 924
747 268
674 31
592 50
318 43
206 879
509 552
370 713
919 671
260 928
536 998
304 645
272 867
627 274
858 481
826 413
595 345
87 345
381 280
838 362
18 767
182 142
442 839
60 443
41 922
343 263
374 318
889 678
65 791
304 215
819 162
258 481
965 963
91 374
345 615
585 345
348 180
428 388
51 521
227 797
890 723
78 666
614 232
488 675
397 552
904 824
165 504
873 533
30 350
679 395
645 814
400 846
986 828
943 632
908 976
646 562
701 307
745 52
279 710
649 665
307 541
632 20
504 816
320 126
399 865
414 482
508 818
534 769
724 11
331 381
510 602
211 242
774 991
62 81
6 386
910 278
516 492
144 155
376 288
451 487
974 581
933 646
694 498
328 153
520 123
40 738
469 520
578 131
723 37
477 433
410 515
997 404
427 229
486 306
514 796
297 806
601 125
171 781
282 572
731 239
270 1
591 910
56 81
560 145
672 857
167 722
625 182
392 692
441 632
148 328
206 390
603 517
147 678
841 580
618 282
59 470
503 190
521 446
122 200
339 487
98 490
439 476
900 994
133 712
123 700
436 632
370 529
485 23
611 514
224 20
968 429
317 261
973 304
509 683
390 633
700 512
225 753
861 728
590 849
265 502
910 594
693 413
61 505
290 466
53 182
113 612
289 313
443 283
294 341
934 646
936 286
892 973
786 25
585 360
241 645
902 500
353 406
864 876
413 880
718 679
323 389
870 479
637 597
408 446
358 9
42 610
835 560
441 533
768 790
743 85
796 484
191 675
463 474
810 185
5 673
520 240
490 375
838 73
89 629
616 447
775 447
120 510
414 694
696 4
938 285
294 69
861 323
664 654
829 439
154 219
751 631
537 96
985 862
662 392
672 291
975 107
744 730
647 117
715 130
992 628
209 615
308 288
826 70
286 94
469 199
742 707
112 889
849 146
369 343
964 556
11 591
84 859
50 615
139 20
420 101
956 352
111 787
785 862
626 275
106 228
596 580
689 597
426 418
379 942
545 779
155 754
458 45
476 713
601 950
793 436
242 281
3 743
237 837
818 205
633 47
540 509
172 827
39 747
398 296
272 274
297 149
570 443
113 508
806 41
195 968
279 699
507 54
667 447
573 839
507 310
986 807
436 794
998 525
24 766
978 898
580 830
978 437
351 177
847 146
690 107
193 790
35 481
875 317
332 358
325 766
20 362
444 109
502 319
788 749
319 843
853 190
735 51
331 481
456 245
563 706
755 858
607 525
985 678
34 757
395 619
567 864
256 349
532 344
431 660
991 247
456 916
369 20
26 139
331 625
952 247
900 38
541 726
644 850
11 15
53 819
257 695
818 872
913 597
318 933
792 164
548 971
643 966
809 745
674 780
995 293
498 874
83 51
488 174
963 474
211 317
877 830
959 308
280 886
142 398
617 347
977 827
806 452
719 512
433 516
444 449
440 945
563 973
212 609
912 172
88 134
519 903
29 640
745 562
430 582
19 963
670 814
733 113
80 290
721 919
9 489
31 472
762 832
346 392
733 78
264 10
523 449
896 958
780 96
211 430
294 617
81 555
34 29
570 463
911 240
107 250
711 178
135 640
308 332
463 337
135 285
201 306
827 76
885 467
137 164
185 657
169 914
460 619
201 795
782 320
540 733
692 116
333 27
870 799
850 24
84 806
128 60
192 383
330 664
980 877
137 872
455 214
419 375
662 788
781 468
690 667
784 162
158 894
597 958
940 713
326 791
517 350
54 465
685 964
741 107
418 414
796 411
713 315
8 600
779 996
532 268
4 444
946 827
666 446
35 807
923 591
945 862
781 554
872 596
689 919
267 331
698 752
308 197
821 718
113 389
264 984
147 706
809 559
60 788
884 76
295 174
729 370
331 998
907 863
301 542
281 938
93 71
24 629
253 919
126 486
837 56
897 354
148 8
904 382
781 886
94 515
688 946
91 867
211 438
909 970
494 230
696 653
377 174
442 187
650 846
160 772
855 478
105 164
602 910
793 390
475 484
856 227
657 251
529 770
124 629
183 257
925 321
381 510
538 180
687 671
566 173
374 645
563 594
118 715
564 767
629 215
571 225
723 734
647 677
447 921
981 452
589 674
621 746
142 711
106 14
800 691
731 621
477 659
800 797
139 904
293 340
151 543
88 895
879 451
588 843
512 773
702 236
253 879
606 256
215 100
961 134
145 141
508 935
307 222
260 109
838 596
456 399
665 701
511 894
980 106
720 353
632 634
274 95
42 154
140 121
990 74
282 675
629 572
963 399
920 711
141 510
735 138
838 211
915 207
35 159
721 346
361 625
54 127
663 154
780 616
793 114
47 419
258 532
128 918
571 102
776 783
300 579
297 176
821 680
87 217
634 411
220 243
465 208
23 439
472 198
68 10
810 910
405 129
348 157
327 345
132 640
931 248
4 269
594 728
232 411
840 493
778 426
834 782
615 916
779 662
201 211
506 939
430 654
479 708
862 357
358 727
245 863
676 204
145 594
220 750
715 807
593 59
815 511
138 821
462 53
354 840
158 196
824 798
495 74
648 752
483 1000
836 155
708 299
375 927
35 339
863 810
892 205
373 420
360 763
347 947
331 915
21 557
952 85
75 72
270 496
813 142
448 833
925 909
893 18
477 214
918 831
481 443
61 130
65 75
265 94
895 791
253 246
659 949
803 457
332 582
695 86
909 904
17 431
542 359
297 711
999 682
31 437
66 406
459 967
200 922
187 19
588 946
795 797
126 726
888 366
178 76
888 265
538 198
63 955
713 508
652 508
372 241
596 65
416 792
736 441
80 255
800 391
319 510
839 429
189 699
189 624
376 980
784 581
891 678
857 556
785 120
646 236
298 229
57 156
9 162
103 346
720 219
672 372
241 621
510 864
897 858
845 257
339 346
822 229
420 772
475 270
587 205
173 139
147 137
59 359
275 439
548 732
132 100
760 808
968 32
661 902
567 199
525 617
458 568
946 200
684 864
681 984
993 451
726 462
85 357
892 976
601 176
989 740
489 749
19 858
984 418
675 45
808 1000
271 974
517 595
832 610
992 882
373 219
378 285
465 751
375 558
836 153
900 501
730 131
523 72
744 623
885 985
378 350
458 214
412 661
619 283
510 613
490 708
820 623
377 820
371 313
901 523
420 705
609 829
977 756
739 186
608 43
893 320
803 717
691 823
774 447
124 911
537 536
895 671
98 156
61 503
752 667
745 73
501 665
18 72
579 935
151 68
517 540
675 718
50 5
324 781
23 887
642 454
222 382
96 41
752 80
571 637
572 88
648 674
142 567
433 599
551 688
866 433
317 161
681 543
758 811
246 871
881 290
935 250
290 143
510 108
65 665
441 898
181 654
783 698
48 103
823 1000
765 39
481 972
433 507
566 459
991 117
356 997
609 739
282 828
691 626
873 613
366 60
871 392
298 727
281 784
236 10
207 852
187 259
590 671
468 317
761 569
37 901
106 177
785 632
402 670
896 280
190 482
742 640
447 736
548 289
452 430
313 978
318 537
851 871
205 21
181 216
796 233
393 54
231 85
775 154
739 921
388 257
842 454
189 454
837 666
765 219
309 916
334 443
315 297
489 284
420 973
841 127
824 360
311 887
64 959
181 167
64 285
914 935
618 825
901 619
910 922
231 323
777 13
457 699
865 343
781 11
304 709
698 954
472 514
778 145
104 428
372 247
318 888
924 944
709 345
340 227
205 181
835 435
211 447
708 805
659 827
131 438
737 554
42 693
57 180
930 865
612 428
884 622
6 698
682 812
342 808
347 760
873 759
388 679
794 32
697 918
702 106
513 87
637 206
250 826
901 277
193 957
265 915
17 721
470 847
462 571
535 232
20 317
885 490
336 118
217 689
241 258
451 145
956 688
573 8
85 942
341 987
547 473
899 419
386 95
36 887
213 794
432 694
154 550
902 845
449 79
808 72
838 554
764 92
924 663
249 587
440 612
223 923
682 453
59 13
674 241
362 991
541 312
649 588
397 76
920 831
883 896
439 717
816 175
415 177
796 313
390 327
890 988
43 858
988 90
879 69
99 11
664 775
840 465
805 819
596 150
106 204
549 709
409 262
30 504
923 737
85 809
594 181
519 801
211 974
619 625
348 105
583 634
661 494
871 691
45 250
655 888
948 492
233 46
230 321
652 870
216 743
310 285
239 620
4 895
278 755
523 986
622 855
623 893
295 59
596 632
941 201
260 610
465 276
670 363
655 487
82 368
695 244
617 416
266 485
233 667
12 71
881 631
246 564
112 640
692 743
942 986
794 666
607 546
709 626
54 950
674 60
628 666
799 859
901 599
655 843
191 603
33 449
100 889
949 152
450 127
841 675
708 397
838 817
573 305
925 298
433 37
868 464
959 677
945 605
653 299
218 855
998 951
589 882
351 974
935 275
968 54
208 673
245 403
381 189
866 185
170 461
506 404
733 264
601 309
81 739
858 703
11 337
179 24
688 314
308 946
847 911
429 213
23 668
324 61
664 569
604 462
320 907
312 198
228 995
882 899
341 393
159 482
337 697
7 882
100 778
483 744
191 828
345 17
398 103
966 862
791 406
596 406
971 325
114 62
559 484
235 48
146 644
339 926
430 207
944 264
201 921
484 467
620 89
138 131
72 641
811 208
436 115
212 183
504 487
898 715
903 915
954 310
144 588
264 724
63 510
86 478
496 761
952 353
60 628
479 578
773 606
904 629
680 950
238 498
813 237
610 589
814 964
325 878
662 635
72 434
631 303
457 734
942 517
150 375
454 103
703 851
598 824
361 55
334 91
628 649
776 850
640 381
217 828
564 539
804 7
495 987
441 763
368 83
569 839
401 948
902 631
464 297
722 155
464 360
874 485
211 896
812 597
913 749
736 859
513 577
195 689
396 412
163 602
439 69
695 939
168 753
576 747
692 752
487 886
275 217
732 926
685 110
662 602
346 336
31 48
294 750
898 594
164 976
23 225
771 334
178 948
704 65
914 339
612 123
486 209
242 165
97 779
257 997
306 615
755 245
852 86
430 966
954 674
102 831
805 723
245 355
151 840
728 582
638 354
968 447
717 356
523 894
692 131
861 660
394 221
656 437
13 827
221 600
675 880
479 748
205 965
761 664
592 446
387 281
379 931
834 723
203 234
271 511
915 119
566 424
425 568
255 705
574 782
401 474
544 358
853 816
720 407
708 481
551 662
98 313
521 146
964 971
245 732
554 496
1000 348
962 510
131 292
381 782
579 217
154 586
745 785
700 373
579 59
212 396
441 406
831 128
375 437
827 117
497 897
387 45
27 356
560 829
204 915
711 796
490 442
86 782
443 686
496 952
604 174
576 85
753 4
611 363
269 479
159 430
19 789
797 559
626 113
853 412
307 410
357 578
988 452
191 783
349 270
599 411
981 601
42 862
743 275
969 830
412 480
993 600
934 555
909 386
754 864
54 276
238 856
262 223
435 719
672 781
79 397
208 738
768 706
955 213
66 263
488 369
667 858
295 256
281 719
811 634
686 899
595 480
789 520
48 130
350 687
190 935
619 374
400 644
795 153
776 587
703 209
564 881
976 597
909 310
948 31
305 979
692 815
472 114
780 751
146 114
965 977
623 195
849 466
378 814
884 587
293 543
554 755
689 903
362 946
375 578
288 782
344 192
982 590
606 7
798 804
3 952
346 499
737 810
578 911
943 484
638 130
715 391
542 609
220 111
291 229
87 184
858 346
985 986
857 179
449 303
254 300
411 194
880 436
617 902
495 449
63 553
498 29
390 605
821 313
791 37
974 594
362 102
777 680
379 331
49 558
889 256
963 819
468 158
408 80
387 65
704 466
288 459
785 185
171 354
711 876
233 690
973 295
950 679
283 220
670 124
942 879
351 380
751 884
694 52
10 590
179 576
675 167
15 934
292 558
644 129
718 417
994 554
397 402
551 475
831 52
529 939
277 59
191 948
43 810
412 766
902 491
153 246
291 766
915 535
412 876
71 738
158 316
500 520
293 994
172 261
662 773
517 582
905 116
399 425
513 201
339 167
603 136
852 619
771 64
805 825
581 97
465 552
876 813
470 240
599 169
257 591
677 195
718 92
561 353
862 233
212 378
933 369
496 540
260 676
893 675
633 254
324 769
991 873
642 356
913 880
563 405
477 813
532 973
492 134
21 184
94 142
522 673
281 258
432 822
691 6
579 124
427 408
232 969
92 112
966 885
577 100
282 591
130 992
114 997
739 351
269 997
393 485
475 701
779 275
76 956
698 932
177 259
525 963
147 996
957 993
467 376
110 586
527 933
259 780
731 766
604 903
659 569
570 767
848 519
259 848
756 466
734 384
817 830
687 533
174 420
915 372
708 535
675 979
698 410
810 5
893 163
647 838
920 140
909 723
741 30
733 876
216 575
143 850
360 45
506 316
313 288
861 937
930 299
600 318
761 536
516 973
567 753
232 925
630 538
298 34
309 167
432 884
491 819
540 476
651 720
428 570
656 15
347 191
558 395
668 276
406 9
170 240
944 678
241 198
374 464
384 415
42 138
280 605
826 419
941 970
563 637
317 238
282 910
375 72
871 550
487 429
297 377
438 973
473 481
729 826
22 237
859 780
780 271
479 311
56 838
969 704
956 302
535 246
202 733
711 947
133 142
940 515
149 465
401 612
453 237
379 950
649 400
793 549
904 591
518 776
748 402
768 724
693 872
671 237
814 708
203 197
15 317
65 977
808 913
507 100
950 54
256 831
294 59
722 17
29 150
635 795
680 525
850 531
72 985
154 475
830 498
901 875
169 751
407 614
799 755
447 677
186 892
986 239
989 144
516 928
764 152
324 753
108 695
480 376
293 575
245 928
706 80
345 936
816 63
309 379
492 556
907 208
899 42
629 59
165 486
829 412
645 717
216 949
731 534
978 200
223 214
735 958
121 644
754 615
888 909
650 750
958 98
62 497
895 62
658 866
767 96
502 880
867 760
205 17
978 518
480 669
837 579
539 769
728 213
908 653
440 438
37 154
603 545
405 196
100 447
595 778
662 656
556 134
39 350
687 184
833 400
689 360
41 273
954 534
214 939
402 755
200 896
141 490
745 804
853 627
117 444
749 110
95 961
664 20
352 640
359 328
319 209
319 156
321 751
186 200
556 319
403 561
745 44
952 515
511 302
344 391
16 804
298 730
669 456
930 337
657 792
890 204
483 217
214 120
293 3
564 626
816 160
93 889
4 92
959 562
376 356
507 615
710 209
175 962
328 877
903 726
370 441
651 419
475 481
440 589
458 134
68 676
886 725
134 180
834 297
498 345
554 816
35 545
283 833
623 449
5 888
439 132
945 890
690 63
780 990
66 413
439 734
591 537
346 237
800 438
792 19
782 953
911 369
859 234
93 396
98 492
836 764
849 377
932 603
925 926
975 46
144 178
192 202
86 802
647 976
885 496
43 71
159 197
790 164
947 368
304 329
564 722
446 882
327 572
952 534
551 748
635 421
765 343
803 864
740 591
454 577
561 689
55 527
218 792
712 462
414 226
277 71
555 641
621 560
984 580
762 531
305 209
188 771
773 175
786 227
665 51
283 927
310 417
81 594
697 641
598 290
517 773
21 717
577 624
467 738
227 423
22 991
647 778
390 962
211 723
769 859
266 896
898 317
692 792
422 924
401 881
789 542
157 284
512 803
402 477
345 98
389 709
399 573
954 532
242 964
560 81
440 950
274 546
19 623
524 460
741 529
385 766
421 987
401 329
132 415
358 342
958 421
619 858
939 436
405 522
290 941
325 662
176 818
99 463
719 491
792 407
346 755
586 57
198 7
706 708
33 712
451 501
568 523
680 98
881 647
617 391
487 473
367 511
744 686
347 693
62 613
170 736
860 988
302 527
324 135
910 854
934 511
491 354
865 570
31 290
905 409
106 755
767 449
340 675
279 132
444 612
877 723
335 291
204 374
874 449
921 814
668 557
489 13
188 202
33 457
952 277
988 457
110 80
45 636
337 377
383 557
389 801
88 152
149 887
177 39
146 318
68 909
474 115
818 681
154 912
289 577
995 873
684 1
947 382
994 489
816 537
714 232
4 151
359 697
894 832
898 269
84 680
946 36
528 211
623 241
583 930
838 937
55 614
389 196
321 411
471 763
876 314
793 666
804 821
582 91
186 862
383 863
156 522
588 705
659 247
93 335
883 618
874 643
523 644
589 626
536 656
521 806
510 56
240 351
906 591
480 368
356 313
582 327
47 558
155 902
453 690
393 451
768 239
704 248
91 516
136 783
945 481
465 819
446 568
112 521
13 242
379 802
929 799
403 681
449 357
946 705
331 215
184 145
158 901
381 922
487 259
665 966
373 25
457 945
509 853
863 959
522 863
396 699
881 572
412 347
375 883
680 802
636 79
521 263
83 547
595 64
593 111
569 721
85 169
991 499
86 295
467 813
467 950
809 698
973 998
852 611
814 945
558 418
828 738
953 106
471 973
543 523
285 425
827 70
62 439
476 178
995 784
790 770
726 469
795 199
445 29
387 435
238 725
786 101
636 856
79 78
239 47
247 473
657 495
963 649
832 927
643 707
692 527
675 591
403 698
290 360
198 369
940 935
466 31
777 356
840 238
448 607
465 393
532 599
466 379
932 905
16 306
852 53
837 995
57 316
163 35
77 356
470 815
255 585
517 877
790 819
142 447
510 498
133 735
95 628
890 161
454 880
216 670
939 185
153 451
606 702
534 997
561 493
716 242
87 84
678 71
586 941
366 56
289 530
739 973
708 216
313 869
732 918
33 414
846 886
816 805
436 762
426 941
156 126
407 646
133 795
576 623
416 705
792 394
266 74
552 519
138 439
534 900
217 495
70 228
370 733
337 524
786 311
367 780
162 9
220 785
208 77
914 183
129 991
171 921
382 476
906 653
332 644
73 306
507 485
397 195
739 59
593 557
267 425
790 583
578 85
812 686
55 866
821 993
540 302
571 167
322 387
219 248
448 496
737 879
104 449
115 840
939 963
636 659
5 183
922 752
632 361
694 820
454 402
732 303
846 801
817 971
801 475
408 341
424 648
982 897
550 142
327 105
654 757
910 533
769 293
668 751
14 231
319 392
458 302
633 761
171 372
716 477
566 802
314 511
348 282
464 526
452 442
496 443
765 10
625 160
385 186
913 277
583 713
669 558
591 735
305 805
912 17
137 205
164 284
467 437
75 554
947 21
679 90
386 337
423 227
274 349
343 673
693 4
616 497
431 513
894 223
881 100
42 276
818 348
363 611
256 447
991 633
353 259
914 453
602 38
654 399
629 919
389 495
67 181
267 394
342 331
59 267
459 182
986 80
4 20
105 379
281 997
994 539
499 316
32 516
419 332
531 160
77 449
562 644
700 736
921 1
456 161
197 628
77 88
916 256
99 655
652 215
688 613
933 479
745 816
802 873
731 971
535 536
944 342
464 562
194 540
613 293
552 17
173 590
806 70
4 350
527 134
681 174
382 521
14 60
791 775
85 915
592 390
526 974
17 53
575 172
742 178
844 672
785 131
67 472
823 320
454 478
441 655
508 270
270 608
339 100
972 49
865 111
606 188
479 3
431 840
982 552
888 260
712 21
650 113
867 238
38 169
148 185
648 481
270 57
129 222
833 876
154 433
710 510
573 767
506 928
312 820
548 962
20 776
895 475
200 481
670 331
185 206
212 740
929 427
37 43
723 345
724 972
938 387
910 783
264 402
272 545
591 185
882 722
276 539
460 212
147 643
995 579
812 407
39 170
968 233
622 714
35 337
126 590
167 536
779 366
602 728
304 199
447 53
728 318
66 281
297 529
768 389
17 826
850 580
612 325
680 632
211 681
423 147
406 409
764 440
424 580
401 198
325 987
901 814
985 848
762 326
21 472
976 189
617 692
294 867
422 580
258 182
742 451
294 984
665 827
828 567
522 86
735 588
830 478
735 223
306 513
145 573
221 329
47 758
446 686
322 113
441 620
806 275
968 916
1000 728
694 579
1000 241
406 44
392 512
918 318
17 810
353 978
931 387
313 184
364 935
673 475
463 48
956 526
565 79
35 37
228 408
483 650
301 489
243 89
301 583
458 941
696 279
723 169
821 996
263 487
661 965
610 385
45 920
458 806
925 385
998 740
894 395
437 719
125 303
894 671
557 290
997 700
734 884
475 504
874 116
187 277
341 821
110 453
881 660
36 719
494 179
607 280
594 592
58 766
115 484
941 194
967 321
410 494
279 266
578 199
937 53
712 735
220 681
273 40
874 351
573 404
687 903
182 841
300 759
544 865
876 795
912 448
863 350
689 859
911 227
990 492
163 256
57 321
167 870
778 870
366 619
722 733
190 929
864 318
638 506
883 744
586 527
310 702
949 285
885 845
330 656
848 670
155 294
93 188
152 196
898 46
191 438
714 404
329 333
623 768
159 112
866 830
754 949
49 113
516 942
456 216
516 685
202 661
684 607
299 695
504 363
725 495
724 507
711 594
610 866
247 442
77 859
901 401
598 461
486 834
700 480
484 444
626 558
309 155
192 322
638 453
420 646
797 780
985 858
620 918
13 400
958 494
452 617
975 68
782 766
997 691
819 791
249 329
964 304
333 505
34 195
850 859
795 562
887 528
553 234
442 775
691 397
291 891
935 687
770 285
521 992
543 317
366 163
620 393
472 417
346 474
713 120
676 971
975 210
793 761
85 805
107 200
957 5
566 7
412 592
98 102
951 359
544 799
921 598
720 795
762 1
445 376
996 152
418 564
677 819
699 241
244 729
440 101
243 14
143 113
151 54
464 300
878 354
879 398
33 569
557 992
381 259
735 529
888 826
768 825
998 949
938 599
506 879
520 328
962 190
239 844
70 446
124 67
13 310
661 535
612 775
525 676
642 203
59 558
476 940
660 170
742 767
360 611
366 317
599 325
774 165
322 821
54 761
297 590
924 239
250 634
35 58
145 616
83 702
929 538
77 710
408 698
245 425
367 684
551 850
492 779
768 14
113 733
315 816
638 312
599 515
913 283
534 982
422 256
462 374
951 880
453 652
707 372
134 44
7 589
660 538
550 759
67 953
827 449
714 801
602 355
750 266
561 306
795 809
72 190
428 458
594 227
239 58
686 767
578 244
637 896
693 708
775 101
736 915
847 472
254 96
706 945
511 590
738 19
763 986
513 493
989 19
20 827
838 644
608 791
204 871
582 185
366 426
69 303
867 289
39 903
83 312
853 688
905 526
121 893
505 393
999 687
638 994
37 230
235 968
938 424
820 427
358 279
85 726
899 815
469 556
108 352
432 557
406 609
389 512
395 83
50 160
958 418
644 318
31 614
253 809
717 659
843 743
828 544
347 178
449 548
569 912
800 500
869 920
766 323
682 229
203 978
423 732
288 345
10 483
93 373
465 511
916 174
846 314
730 929
628 435
761 598
280 297
155 478
290 640
675 789
204 951
445 859
984 588
391 564
909 500
244 920
976 799
233 636
950 412
323 133
319 331
143 932
837 288
966 14
586 340
506 816
524 264
198 530
656 485
905 120
592 758
215 257
687 565
737 101
463 619
837 40
744 679
323 778
429 498
482 799
941 971
715 977
523 40
229 78
177 898
192 649
571 28
477 762
639 716
431 346
945 432
357 60
350 895
16 173
507 107
256 506
102 901
460 638
550 626
355 581
727 150
200 79
124 503
286 132
49 856
76 372
359 699
879 833
315 244
499 511
53 606
442 267
88 477
920 880
503 49
599 925
956 224
218 69
731 269
781 562
14 999
821 891
167 764
393 369
107 709
813 233
180 576
206 562
26 688
451 996
970 279
655 531
986 688
137 305
549 733
179 538
373 899
371 452
911 459
545 161
54 531
371 252
185 141
237 859
27 748
273 569
545 931
200 351
405 254
555 599
814 650
529 727
190 915
563 211
756 381
809 294
716 914
552 160
833 438
123 317
25 745
732 923
595 292
347 249
786 755
122 829
186 548
353 967
103 458
572 270
227 843
10 650
328 279
315 236
293 737
14 201
977 733
594 131
464 840
634 519
291 886
196 804
864 729
886 84
692 261
834 571
971 949
612 423
944 591
372 763
224 208
140 883
668 138
207 723
229 227
691 478
941 211
844 113
41 252
76 964
601 744
985 60
479 380
868 850
540 385
69 490
864 735
579 66
495 90
537 378
186 667
368 226
721 337
177 529
363 298
407 665
581 870
513 136
959 95
965 27
274 453
157 652
571 423
554 202
840 477
948 959
154 850
161 488
166 424
539 161
84 142
357 272
826 487
779 135
753 154
297 962
81 500
870 603
11 743
178 595
454 991
690 109
322 730
534 648
78 673
786 268
94 598
708 223
31 321
858 466
881 902
630 343
593 987
213 276
790 668
302 70
787 725
845 42
219 298
888 914
823 480
891 564
841 774
464 891
234 129
921 164
398 543
423 355
135 926
367 144
932 66
528 261
472 138
411 580
92 388
590 325
724 49
311 649
306 360
857 949
414 692
769 566
221 473
208 280
213 718
538 107
438 443
727 597
488 733
798 87
250 692
739 942
992 12
504 11
183 615
572 292
346 590
266 490
716 152
180 102
318 419
716 942
758 354
935 641
486 797
602 857
599 238
509 376
829 378
692 861
947 242
324 83
423 842
973 165
433 298
703 887
185 965
419 724
155 609
844 79
906 897
730 874
548 222
335 297
915 235
567 610
661 753
870 160
381 774
595 734
703 469
194 628
570 224
766 341
822 907
168 619
327 685
536 81
383 314
317 726
950 810
884 408
427 536
179 785
680 913
923 616
59 480
107 854
168 311
740 148
293 138
797 735
699 662
645 811
777 222
927 910
629 63
5 748
106 515
991 564
558 849
373 718
687 396
572 960
856 31
341 654
685 280
665 635
683 478
295 736
282 363
58 828
643 115
173 90
6 906
