6 86
44 22 56 22 20 46
6 8 8
6 30 31
3 16 17
1 3 5
6 23 25
1 12 13
3 3 6
2 6 7
5 18 20
6 19 22
2 8 9
3 28 29
6 32 33
5 10 10
3 11 12
6 41 42
1 1 2
2 13 14
4 1 4
3 42 45
3 54 56
2 18 19
5 13 14
3 13 15
6 11 11
4 16 19
1 30 33
3 30 30
3 37 37
6 9 10
5 1 2
2 5 5
6 28 29
1 11 11
6 43 45
2 20 22
1 40 43
3 31 34
6 15 18
3 22 25
6 26 27
4 14 14
1 10 10
3 52 52
3 35 36
4 15 15
4 20 22
1 36 39
4 11 13
5 15 17
2 15 17
1 44 44
6 36 36
6 5 5
3 53 53
5 7 9
4 7 10
6 34 35
6 1 4
3 38 39
2 1 4
3 26 27
1 17 18
2 10 12
1 19 22
6 12 14
5 3 6
1 25 25
1 34 35
3 8 8
3 7 7
6 46 46
6 37 40
1 14 16
3 1 2
3 46 48
1 23 24
3 9 10
3 49 51
1 26 29
3 40 41
4 5 6
6 6 7
5 11 12
3 18 21
1 6 9
