6 88
40 22 29 45 51 38
3 16 17
5 32 32
1 12 14
2 10 12
4 9 12
1 17 17
1 3 5
1 34 37
6 27 27
3 18 20
4 15 17
2 9 9
5 33 35
4 41 44
5 4 5
5 43 45
5 47 49
1 6 7
2 1 4
1 18 18
5 41 42
6 31 34
6 13 14
2 13 16
3 13 15
1 8 11
4 45 45
2 5 7
1 25 28
6 9 11
4 22 24
6 6 7
3 8 10
3 25 26
4 35 37
6 1 4
4 18 21
1 19 20
6 19 20
4 3 6
3 21 24
5 15 17
5 46 46
4 34 34
3 1 3
1 31 33
1 15 16
4 1 2
6 12 12
5 36 38
4 7 8
2 22 22
5 29 31
4 40 40
6 38 38
5 39 40
4 13 14
5 22 25
6 28 30
1 2 2
3 11 12
6 15 18
3 27 29
5 6 8
5 50 51
6 21 23
2 8 8
5 26 28
6 8 8
1 1 1
5 11 14
2 19 21
4 38 39
6 24 26
6 35 37
2 17 18
5 1 2
3 4 7
5 18 21
4 28 30
4 31 33
6 5 5
1 21 24
5 9 10
1 38 40
1 29 30
5 3 3
4 25 27

