6 98
37 50 27 53 31 37
2 32 32
1 30 33
1 22 23
3 19 21
6 4 6
1 7 9
4 9 11
6 20 22
4 30 32
5 8 11
4 18 19
2 14 16
3 3 3
2 23 24
4 26 27
5 22 25
6 1 3
1 34 35
1 5 6
5 30 31
1 24 27
1 28 29
1 1 4
4 45 47
6 14 16
3 9 11
4 41 44
1 14 15
6 37 37
5 5 5
3 22 25
4 50 50
2 12 12
4 16 16
3 4 6
2 31 31
4 33 33
3 26 27
4 22 24
5 15 17
5 12 14
4 38 40
4 28 29
3 7 8
2 29 30
4 6 7
4 51 53
6 29 32
2 7 9
2 25 25
1 10 11
3 16 18
5 26 29
4 5 5
1 16 16
4 25 25
6 10 12
2 33 36
5 1 3
2 10 11
1 12 13
4 8 8
6 35 36
1 17 17
2 40 42
6 33 34
4 34 37
5 18 21
2 47 49
2 4 4
2 21 22
6 28 28
4 12 15
6 27 27
5 4 4
3 1 2
2 13 13
4 20 21
2 17 20
4 48 49
2 50 50
1 36 36
2 43 46
2 1 3
2 38 39
4 17 17
2 26 28
6 17 19
6 23 26
1 37 37
2 37 37
3 12 15
5 6 7
6 7 9
6 13 13
4 1 4
2 5 6
1 18 21

