6 124
61 32 48 60 48 58
3 35 38
2 12 12
6 17 19
3 17 18
5 33 35
2 1 3
3 19 19
1 42 43
1 44 45
1 27 28
4 1 4
5 1 2
4 47 49
4 18 19
5 23 23
4 26 28
4 38 40
3 14 14
3 29 30
1 40 41
4 58 60
4 41 44
2 26 29
1 35 37
5 43 44
3 32 34
4 50 50
3 43 44
5 11 11
5 32 32
6 39 42
4 45 46
2 19 22
1 30 31
6 12 14
6 20 23
6 43 46
6 8 11
6 47 47
1 11 14
5 36 38
6 15 15
5 39 42
2 25 25
3 1 3
6 51 51
5 10 10
2 8 10
3 45 48
5 21 22
3 25 28
6 16 16
4 57 57
5 7 9
1 20 22
6 24 27
5 24 27
1 26 26
6 5 7
4 12 13
3 41 42
2 16 16
2 11 11
2 23 24
3 20 23
4 34 37
4 8 11
2 4 7
1 25 25
5 3 6
1 60 61
3 8 8
1 55 56
1 5 8
3 24 24
4 22 24
5 12 13
2 30 32
4 20 21
5 47 48
3 13 13
3 9 12
1 32 32
6 35 37
5 46 46
1 57 59
4 53 56
4 14 17
1 52 54
5 45 45
3 39 40
3 15 16
2 13 15
6 28 30
5 14 17
4 25 25
3 4 7
3 31 31
6 1 4
5 18 20
6 48 50
1 38 39
1 46 47
1 33 34
6 55 58
6 38 38
1 48 51
4 33 33
6 31 34
1 16 19
1 15 15
1 3 4
4 5 6
6 52 54
4 7 7
2 17 18
1 29 29
4 51 52
1 2 2
5 28 31
1 23 24
1 1 1
4 29 32
1 9 10

