6 108
60 26 53 42 32 48
1 1 4
5 28 28
1 38 38
5 10 13
6 24 25
6 5 6
3 51 51
3 13 16
1 29 30
5 24 24
3 26 29
3 52 53
4 33 35
1 58 60
1 49 52
2 20 22
3 37 40
6 7 8
1 6 9
5 3 4
3 4 6
1 5 5
1 45 45
6 33 34
3 1 2
3 19 19
4 42 42
4 25 26
3 3 3
1 13 15
3 41 44
5 25 27
6 1 4
4 6 9
4 1 3
4 27 30
3 47 50
1 55 57
4 12 14
6 20 23
1 31 33
2 23 26
1 54 54
3 25 25
2 9 11
2 12 15
3 18 18
1 18 18
1 42 44
1 21 23
4 17 18
5 1 1
4 19 19
1 39 41
4 11 11
1 35 37
4 20 22
4 23 23
4 39 41
6 14 15
5 8 9
4 10 10
2 1 3
3 45 46
6 45 48
1 16 17
3 7 10
1 27 27
1 28 28
2 16 19
5 20 23
5 31 32
1 26 26
1 10 12
4 24 24
6 37 40
5 5 7
4 32 32
6 16 19
6 11 12
6 9 10
5 18 19
3 30 32
5 2 2
4 37 38
3 17 17
6 26 28
1 24 25
4 15 16
6 41 44
1 34 34
6 35 36
4 31 31
3 11 12
3 22 24
4 36 36
3 33 36
6 13 13
5 14 17
1 53 53
2 7 8
2 4 6
4 4 5
1 46 48
6 29 32
1 19 20
3 20 21
5 29 30

