6 109
41 45 40 36 41 56
4 22 23
4 5 5
5 17 17
5 7 10
5 31 33
2 12 14
3 6 7
6 33 36
2 30 33
1 25 25
6 28 28
3 10 13
6 12 14
3 1 2
4 17 17
4 32 32
1 30 30
4 13 15
1 32 32
6 45 45
1 18 21
1 40 41
3 21 24
6 5 8
6 4 4
2 39 39
1 34 35
5 19 20
5 16 16
5 27 27
6 19 20
4 24 27
6 42 44
2 22 25
4 16 16
5 18 18
6 9 10
3 32 35
2 21 21
3 38 39
2 6 8
1 13 16
5 14 15
5 34 36
4 18 18
3 17 20
6 26 27
5 4 4
1 10 12
6 41 41
4 10 10
1 36 39
1 26 29
4 11 12
6 47 50
2 9 11
3 9 9
3 25 27
3 40 40
1 17 17
5 28 30
4 28 31
6 24 25
6 46 46
1 22 24
5 21 23
2 43 45
5 40 41
5 1 3
2 36 38
3 8 8
2 15 17
6 37 38
3 36 37
6 1 3
3 28 29
6 15 18
1 33 33
5 11 13
2 2 5
3 3 5
1 31 31
6 29 32
3 14 16
5 5 6
6 39 40
6 23 23
2 40 42
6 11 11
4 8 9
4 1 4
5 24 26
4 19 21
6 55 56
2 28 29
6 21 22
6 54 54
4 6 7
1 3 6
1 1 2
2 1 1
5 37 39
2 34 35
2 26 27
3 30 31
6 51 53
4 33 36
1 7 9
2 18 20

