6 116
58 62 34 60 23 47
6 1 2
4 1 2
4 8 11
3 18 21
1 51 51
2 29 31
3 23 26
5 11 12
5 16 18
2 47 47
1 42 45
1 39 41
4 29 30
6 36 39
6 41 41
4 60 60
4 39 40
6 5 5
6 47 47
5 23 23
2 56 57
1 12 14
5 13 15
6 15 18
1 56 58
4 58 59
4 52 54
2 37 37
6 11 14
4 14 17
1 52 55
3 31 32
2 1 2
4 25 28
1 23 26
3 2 4
6 23 26
2 61 62
6 8 10
1 18 18
2 58 60
2 52 53
6 31 32
1 33 35
2 18 19
1 29 29
2 48 49
5 4 6
3 22 22
1 36 37
5 19 22
1 15 17
4 18 18
2 22 24
2 50 51
3 1 1
6 27 30
4 21 21
3 34 34
5 7 10
6 42 43
2 8 10
4 55 57
6 3 4
3 10 11
2 11 14
4 7 7
3 27 30
3 12 13
3 14 15
1 38 38
3 16 17
2 20 21
4 34 34
4 44 47
2 42 42
6 6 7
4 48 51
6 44 46
2 28 28
4 19 20
4 3 6
1 2 4
6 33 35
4 12 13
1 48 50
5 1 3
2 15 17
1 46 47
1 1 1
3 8 9
4 41 43
4 35 36
1 9 10
2 55 55
6 40 40
6 19 22
4 37 38
2 43 46
3 33 33
1 5 8
2 25 27
2 6 6
4 22 24
1 19 22
2 32 32
2 33 36
1 30 32
2 38 41
1 27 28
4 31 33
2 3 5
2 7 7
3 5 7
1 11 11
2 54 54

