6 121
25 47 54 56 48 42
5 35 37
3 34 36
5 18 18
4 38 38
4 48 48
1 23 25
3 50 50
3 39 42
5 25 27
5 1 1
3 17 18
4 56 56
4 47 47
2 1 4
1 10 11
6 40 42
3 51 52
4 52 52
1 20 22
6 28 29
5 19 21
1 17 17
5 48 48
4 51 51
5 6 8
1 2 2
1 1 1
4 42 44
2 28 29
2 17 19
5 13 15
4 25 27
2 8 11
5 30 30
4 31 31
2 20 21
3 24 25
6 10 11
5 16 17
5 38 40
2 43 44
2 5 7
2 25 27
2 36 37
5 32 34
3 26 27
3 12 15
5 41 43
4 28 30
1 6 7
4 36 37
6 24 27
3 10 11
4 41 41
6 23 23
4 45 46
4 32 33
3 19 20
1 12 12
2 12 15
6 16 19
6 20 22
2 22 24
4 53 55
3 8 9
3 21 22
1 18 19
2 38 40
2 30 33
3 54 54
4 49 49
4 11 14
3 53 53
4 34 35
5 22 24
3 30 33
3 1 1
1 8 9
6 33 35
5 9 11
3 43 43
4 5 6
6 36 37
1 13 16
2 41 42
3 6 7
5 31 31
4 7 10
5 28 29
3 48 48
5 2 2
6 38 39
4 15 18
6 6 9
3 2 5
6 1 2
4 23 24
3 28 28
5 5 5
4 3 4
4 39 40
4 19 22
4 50 50
6 3 4
2 16 16
4 1 2
6 5 5
5 3 4
5 44 47
3 16 16
2 34 35
6 12 15
3 49 49
3 29 29
6 30 32
5 12 12
2 45 47
3 44 47
3 37 38
3 23 23
1 3 5

