6 104
22 54 57 28 36 63
3 17 20
5 21 23
5 5 8
6 2 4
3 5 8
6 8 11
3 14 16
6 12 12
6 37 40
3 2 2
4 23 23
1 6 8
5 24 24
6 49 51
4 12 14
6 24 26
2 14 17
5 35 36
3 48 51
2 24 24
5 25 25
3 46 46
5 15 15
3 1 1
2 4 5
3 36 38
5 20 20
2 18 21
2 48 51
5 26 27
3 55 57
6 16 19
2 36 39
6 32 33
1 22 22
3 39 42
3 3 4
1 10 10
4 15 18
1 14 14
5 10 10
5 1 4
1 4 5
2 31 34
4 4 4
2 1 3
1 1 3
3 32 35
2 25 26
6 53 55
5 11 14
6 41 44
4 5 5
4 2 2
6 60 62
6 20 22
3 52 53
5 9 9
6 52 52
6 5 7
2 12 12
2 45 47
5 33 34
4 6 8
6 29 31
1 9 9
4 27 28
2 13 13
5 16 19
6 23 23
3 9 11
3 54 54
2 35 35
4 1 1
5 28 30
6 34 36
2 9 11
1 11 13
6 63 63
6 45 48
2 40 41
6 56 59
2 42 44
3 47 47
3 21 24
3 25 27
2 28 30
1 15 17
2 52 54
2 22 23
2 6 8
4 3 3
6 1 1
3 28 31
3 43 45
6 27 28
4 24 26
1 18 21
4 19 22
4 9 11
5 31 32
6 13 15
2 27 27
3 12 13

