6 113
42 24 50 59 59 33
6 1 1
1 41 42
4 53 55
5 22 25
6 14 17
4 1 2
2 3 4
3 4 4
4 4 4
6 30 32
6 2 2
4 41 44
2 5 8
6 24 25
3 9 10
3 22 24
1 4 6
6 4 6
5 26 27
3 39 39
5 32 35
4 28 30
4 37 40
3 13 14
2 21 21
5 43 43
5 41 42
6 28 29
1 2 2
4 45 48
2 22 22
5 7 7
4 36 36
3 5 8
5 40 40
1 18 19
2 23 24
5 50 50
3 32 33
2 9 10
5 55 57
1 26 26
1 12 13
4 22 23
2 18 20
2 1 2
3 35 37
4 33 35
1 3 3
4 15 18
3 15 18
1 23 25
2 17 17
2 11 13
4 49 52
4 19 21
3 44 46
6 33 33
5 10 13
4 9 9
5 14 17
4 3 3
5 58 58
2 14 16
6 9 9
4 31 32
1 8 11
5 36 36
6 23 23
4 24 27
1 20 21
1 34 37
5 6 6
1 22 22
5 18 21
6 26 27
6 18 20
3 11 12
5 53 54
3 38 38
1 1 1
4 5 8
5 8 9
4 14 14
1 31 33
6 3 3
5 28 31
1 14 17
3 48 48
3 47 47
5 37 39
3 19 21
3 29 31
6 7 8
6 21 22
4 57 59
5 51 52
5 59 59
1 38 40
6 10 13
4 10 13
3 40 43
3 49 50
1 27 30
1 7 7
5 46 49
3 1 3
3 34 34
3 25 28
5 4 5
5 1 3
5 44 45
4 56 56

