6 94
33 60 23 58 30 23
5 5 7
5 23 24
4 46 48
2 10 11
5 21 22
1 12 12
6 20 20
5 28 30
1 6 8
1 9 9
4 9 12
4 13 16
2 7 7
1 4 5
1 1 3
2 45 45
4 41 43
2 35 36
3 19 21
1 28 30
2 20 20
1 31 33
4 40 40
2 15 18
6 13 13
1 13 16
2 6 6
3 13 15
3 1 1
6 3 6
4 20 23
4 44 44
4 17 19
6 22 23
1 17 17
1 22 24
2 1 2
5 19 20
5 12 15
4 49 49
4 25 28
6 17 19
4 58 58
3 2 5
4 50 52
2 59 60
3 22 23
5 1 4
2 30 30
4 7 8
2 12 14
1 18 21
2 53 55
2 46 46
3 6 9
4 1 3
4 35 38
1 25 27
5 25 27
1 10 11
2 47 50
3 16 18
2 32 34
2 21 23
3 10 10
6 14 16
2 51 52
4 45 45
2 27 29
4 29 32
4 39 39
2 31 31
2 37 37
6 21 21
2 8 9
6 9 10
5 8 11
4 6 6
6 7 8
6 1 2
4 33 34
2 41 44
2 56 58
2 38 40
4 4 5
5 16 18
4 53 54
2 24 26
2 19 19
4 55 57
4 24 24
3 11 12
2 3 5
6 11 12

