6 104
30 48 60 49 41 28
3 59 59
6 11 11
3 41 43
4 19 20
4 29 29
3 21 23
6 26 28
1 1 1
6 17 20
6 6 7
1 9 11
5 40 41
2 5 7
2 40 43
6 1 3
2 10 11
1 25 25
3 37 39
4 18 18
5 16 18
6 13 16
3 1 3
4 21 24
2 39 39
5 13 15
1 29 30
4 45 46
2 1 4
4 34 37
4 11 13
4 14 17
3 13 14
4 31 33
3 26 29
5 1 4
1 23 24
4 38 40
3 24 25
3 53 55
2 44 45
3 44 46
5 8 8
5 30 31
2 48 48
2 37 38
3 10 12
3 56 58
1 8 8
4 41 44
5 5 6
4 5 5
6 12 12
6 4 4
3 47 47
2 27 28
1 26 28
2 33 34
5 27 29
2 46 47
2 8 9
2 14 14
3 30 33
5 7 7
3 40 40
3 34 36
4 47 48
5 34 36
1 13 15
2 12 13
4 25 28
1 20 22
6 24 25
5 37 39
3 19 19
3 52 52
1 2 3
4 49 49
1 16 19
6 21 23
3 4 6
2 22 23
3 48 51
2 35 36
4 9 10
3 20 20
2 29 32
1 12 12
3 15 18
6 5 5
3 7 9
4 1 4
5 23 26
6 8 10
5 9 10
2 15 18
2 24 26
5 32 33
1 4 7
3 60 60
4 30 30
2 19 21
4 6 8
5 11 12
5 19 22

