6 121
63 59 42 30 38 57
1 4 5
2 45 47
4 30 30
3 22 25
2 11 11
5 7 10
6 30 31
4 11 13
2 41 44
5 20 21
6 34 37
2 26 28
3 2 2
1 19 22
3 3 6
1 29 30
6 17 19
1 18 18
6 9 9
1 7 8
5 27 28
1 11 11
6 53 54
1 1 3
5 32 34
1 53 53
2 23 23
2 29 31
5 22 22
4 7 10
3 30 33
1 13 15
3 34 37
5 11 12
1 40 41
1 59 62
6 46 49
3 17 18
6 51 52
2 6 8
6 1 4
3 26 29
1 23 23
2 36 39
4 2 5
4 21 22
5 4 6
2 58 58
2 51 51
5 14 16
1 48 49
2 40 40
3 38 38
1 31 32
2 48 50
4 19 20
1 45 46
3 7 10
1 24 25
2 59 59
2 9 10
1 38 39
2 13 13
6 20 23
3 19 21
5 29 31
5 23 25
1 50 52
1 57 58
5 38 38
6 29 29
6 25 28
1 12 12
2 25 25
6 16 16
2 2 5
1 16 17
4 23 26
6 42 45
3 1 1
1 42 44
2 24 24
6 32 33
6 38 41
5 1 3
2 52 53
1 47 47
2 54 57
6 24 24
3 15 16
3 41 42
3 14 14
4 14 15
1 26 28
3 11 13
5 17 19
2 14 17
1 9 10
1 54 56
1 63 63
2 18 18
5 35 37
2 19 22
1 6 6
6 55 57
4 16 18
6 14 15
1 36 37
6 50 50
4 1 1
2 12 12
1 33 35
3 39 40
2 1 1
2 32 35
4 27 29
6 5 8
5 13 13
6 10 13
5 26 26
4 6 6
6 93

