6 92
20 59 36 36 40 43
6 19 22
5 34 36
4 20 20
2 42 45
2 12 14
1 7 9
4 24 27
3 4 7
2 5 7
6 40 42
6 11 13
2 28 31
2 24 25
2 38 41
2 46 47
4 19 19
4 34 36
5 22 24
1 10 10
3 32 32
3 15 18
2 48 49
1 16 18
5 1 4
2 10 11
2 33 35
2 32 32
2 8 9
5 13 13
5 25 26
6 15 18
3 9 12
5 21 21
5 7 7
6 1 3
6 38 39
3 8 8
6 31 32
2 20 23
5 8 8
1 19 20
6 43 43
2 59 59
4 17 18
2 53 55
5 27 29
6 7 9
2 15 16
5 16 17
2 50 52
2 17 19
1 14 15
1 3 6
3 13 14
4 13 16
5 37 38
6 23 25
6 27 30
6 14 14
6 26 26
2 56 58
3 28 31
4 4 4
2 36 37
6 33 34
5 5 6
3 1 1
4 1 3
4 9 12
6 35 37
3 2 3
3 27 27
1 1 2
5 12 12
5 14 15
4 28 29
4 21 23
5 9 10
6 10 10
4 30 33
5 11 11
4 5 8
2 26 27
6 4 6
5 18 20
5 30 33
5 39 40
2 1 4
3 23 26
3 19 22
1 11 13
3 33 36

