6 91
35 63 22 28 47 31
1 18 21
5 5 5
2 58 59
6 5 7
4 13 16
2 24 25
3 8 11
3 18 18
2 11 12
1 7 9
1 22 25
3 16 17
4 19 22
2 1 3
1 28 31
3 22 22
2 28 30
2 31 32
5 29 29
1 35 35
4 9 12
5 4 4
6 16 17
2 56 57
2 48 49
6 27 27
2 36 37
1 32 34
3 2 5
5 27 28
2 50 53
3 19 21
5 1 3
2 45 46
5 41 44
4 17 17
6 23 23
6 28 28
5 15 16
4 1 4
2 33 33
5 47 47
5 22 25
1 1 2
2 42 44
2 20 23
5 34 37
5 46 46
6 8 10
3 12 15
6 1 4
4 18 18
6 24 26
5 30 33
2 34 35
5 10 11
5 45 45
4 26 28
2 40 41
6 21 22
2 7 7
1 26 27
2 54 54
2 47 47
5 38 40
1 10 12
6 18 20
5 21 21
1 13 13
1 3 6
3 1 1
6 11 13
6 14 15
2 55 55
5 26 26
2 13 14
2 15 16
1 14 17
5 6 9
2 17 19
5 12 14
4 23 25
5 17 20
2 8 10
4 5 8
2 26 27
2 38 39
2 60 63
3 6 7
2 4 6
6 29 31

