6 91
33 30 23 55 46 40
4 53 55
2 27 29
4 49 52
6 28 31
4 40 41
3 22 23
2 16 16
2 23 26
5 41 42
1 10 10
3 4 4
5 27 29
4 28 29
2 10 12
6 23 25
5 30 30
4 30 32
5 44 44
4 21 24
6 1 2
6 18 20
6 33 34
1 27 28
3 5 6
3 7 7
5 31 31
3 19 21
4 45 47
1 33 33
6 39 40
1 19 19
6 26 27
5 35 38
6 35 38
5 45 46
5 17 18
2 30 30
3 13 14
1 15 18
6 3 3
3 8 9
5 26 26
1 23 23
3 18 18
5 39 40
3 15 16
6 16 17
5 13 16
6 21 22
6 32 32
5 32 34
5 19 21
5 8 8
4 17 20
4 13 16
4 33 36
1 24 26
2 13 15
5 9 12
2 20 22
4 37 39
2 1 3
6 5 8
4 10 12
1 11 14
1 7 9
2 17 19
1 5 6
1 20 22
5 4 4
6 4 4
5 5 7
4 25 27
4 6 9
5 1 3
1 31 32
5 22 25
4 2 5
3 10 12
1 29 30
4 48 48
2 4 7
3 1 3
2 8 9
3 17 17
6 9 12
5 43 43
4 42 44
1 1 4
6 13 15
4 1 1

