6 125
39 58 44 57 44 60
1 10 10
4 7 7
2 51 51
2 39 41
2 52 53
3 22 22
2 50 50
5 1 4
6 55 57
5 18 19
2 32 34
2 5 5
6 58 60
6 6 6
5 42 43
6 24 24
4 57 57
1 25 28
1 39 39
2 16 18
6 1 2
6 19 20
6 25 28
2 54 57
4 15 17
5 39 41
3 23 26
4 21 21
1 36 38
2 19 22
2 27 29
3 18 18
6 7 9
6 47 50
5 25 28
3 31 33
2 48 49
2 58 58
4 53 53
3 41 44
5 13 14
3 34 37
4 18 18
5 31 34
4 5 6
1 29 29
4 34 34
6 3 5
1 15 17
1 23 23
4 46 49
4 43 45
6 21 23
5 15 17
2 23 23
6 14 15
5 23 24
3 15 17
3 6 9
4 22 25
4 26 26
3 30 30
3 27 27
2 14 14
3 3 5
3 10 12
4 8 9
1 1 4
6 10 10
2 6 6
5 29 30
1 8 9
6 16 17
1 19 22
2 42 45
6 18 18
6 38 39
1 24 24
1 11 14
1 6 7
5 10 12
3 19 21
4 10 13
6 44 46
1 33 35
2 37 38
5 38 38
2 12 13
5 44 44
5 5 7
2 46 47
4 1 4
5 35 37
3 1 2
4 54 56
4 27 29
6 40 41
3 28 29
6 11 13
1 5 5
2 24 26
3 13 14
3 38 40
4 19 19
4 50 52
2 7 8
6 51 54
2 35 36
6 29 29
2 9 11
6 30 33
4 30 33
2 15 15
5 8 9
1 18 18
5 20 22
2 30 31
2 1 4
4 39 42
1 30 32
4 35 38
6 42 43
4 20 20
6 34 37
4 14 14

